time,passenger_register,queue_length,mean_wait_time,max_wait_time,mean_transit_time,max_transit_time,mean_travel_time,max_travel_time,wait_time_register,transit_time_register,travel_time_register
28824,[23],1,89.40000000000146,89.40000000000146,68.79999999999927,68.79999999999927,158.20000000000073,158.20000000000073,[89.4],[68.8],[158.2]
28825,[23],1,89.40000000000146,89.40000000000146,68.79999999999927,68.79999999999927,158.20000000000073,158.20000000000073,[89.4],[68.8],[158.2]
28826,[23],1,89.40000000000146,89.40000000000146,68.79999999999927,68.79999999999927,158.20000000000073,158.20000000000073,[89.4],[68.8],[158.2]
28827,[23],1,89.40000000000146,89.40000000000146,68.79999999999927,68.79999999999927,158.20000000000073,158.20000000000073,[89.4],[68.8],[158.2]
28828,[23],1,89.40000000000146,89.40000000000146,68.79999999999927,68.79999999999927,158.20000000000073,158.20000000000073,[89.4],[68.8],[158.2]
28829,[23],1,89.40000000000146,89.40000000000146,68.79999999999927,68.79999999999927,158.20000000000073,158.20000000000073,[89.4],[68.8],[158.2]
28830,[23],1,89.40000000000146,89.40000000000146,68.79999999999927,68.79999999999927,158.20000000000073,158.20000000000073,[89.4],[68.8],[158.2]
28831,[23],1,89.40000000000146,89.40000000000146,68.79999999999927,68.79999999999927,158.20000000000073,158.20000000000073,[89.4],[68.8],[158.2]
28832,[23],1,89.40000000000146,89.40000000000146,68.79999999999927,68.79999999999927,158.20000000000073,158.20000000000073,[89.4],[68.8],[158.2]
28833,[23],1,89.40000000000146,89.40000000000146,68.79999999999927,68.79999999999927,158.20000000000073,158.20000000000073,[89.4],[68.8],[158.2]
28834,[23],1,89.40000000000146,89.40000000000146,68.79999999999927,68.79999999999927,158.20000000000073,158.20000000000073,[89.4],[68.8],[158.2]
28835,[23 35],2,86.39393950000158,89.40000000000146,50.68333299999904,68.79999999999927,137.07727250000062,158.20000000000073,[89.4      83.387879],[68.8      32.566666],[158.2      115.954545]
28836,[23 35],2,86.39393950000158,89.40000000000146,50.68333299999904,68.79999999999927,137.07727250000062,158.20000000000073,[89.4      83.387879],[68.8      32.566666],[158.2      115.954545]
28837,[23 35],2,86.39393950000158,89.40000000000146,50.68333299999904,68.79999999999927,137.07727250000062,158.20000000000073,[89.4      83.387879],[68.8      32.566666],[158.2      115.954545]
28838,[23 35],2,86.39393950000158,89.40000000000146,50.68333299999904,68.79999999999927,137.07727250000062,158.20000000000073,[89.4      83.387879],[68.8      32.566666],[158.2      115.954545]
28839,[23 35],2,86.39393950000158,89.40000000000146,50.68333299999904,68.79999999999927,137.07727250000062,158.20000000000073,[89.4      83.387879],[68.8      32.566666],[158.2      115.954545]
28840,[23 35],2,86.39393950000158,89.40000000000146,50.68333299999904,68.79999999999927,137.07727250000062,158.20000000000073,[89.4      83.387879],[68.8      32.566666],[158.2      115.954545]
28841,[23 35],2,86.39393950000158,89.40000000000146,50.68333299999904,68.79999999999927,137.07727250000062,158.20000000000073,[89.4      83.387879],[68.8      32.566666],[158.2      115.954545]
28842,[23 35],2,86.39393950000158,89.40000000000146,50.68333299999904,68.79999999999927,137.07727250000062,158.20000000000073,[89.4      83.387879],[68.8      32.566666],[158.2      115.954545]
28843,[23 35],2,86.39393950000158,89.40000000000146,50.68333299999904,68.79999999999927,137.07727250000062,158.20000000000073,[89.4      83.387879],[68.8      32.566666],[158.2      115.954545]
28844,[23 35],2,86.39393950000158,89.40000000000146,50.68333299999904,68.79999999999927,137.07727250000062,158.20000000000073,[89.4      83.387879],[68.8      32.566666],[158.2      115.954545]
28845,[23 35],2,86.39393950000158,89.40000000000146,50.68333299999904,68.79999999999927,137.07727250000062,158.20000000000073,[89.4      83.387879],[68.8      32.566666],[158.2      115.954545]
28846,[23 35],2,86.39393950000158,89.40000000000146,50.68333299999904,68.79999999999927,137.07727250000062,158.20000000000073,[89.4      83.387879],[68.8      32.566666],[158.2      115.954545]
28847,[23 35],2,86.39393950000158,89.40000000000146,50.68333299999904,68.79999999999927,137.07727250000062,158.20000000000073,[89.4      83.387879],[68.8      32.566666],[158.2      115.954545]
28848,[23 35],2,86.39393950000158,89.40000000000146,50.68333299999904,68.79999999999927,137.07727250000062,158.20000000000073,[89.4      83.387879],[68.8      32.566666],[158.2      115.954545]
28849,[23 35],2,86.39393950000158,89.40000000000146,50.68333299999904,68.79999999999927,137.07727250000062,158.20000000000073,[89.4      83.387879],[68.8      32.566666],[158.2      115.954545]
28850,[23 35],2,86.39393950000158,89.40000000000146,50.68333299999904,68.79999999999927,137.07727250000062,158.20000000000073,[89.4      83.387879],[68.8      32.566666],[158.2      115.954545]
28851,[23 35],2,86.39393950000158,89.40000000000146,50.68333299999904,68.79999999999927,137.07727250000062,158.20000000000073,[89.4      83.387879],[68.8      32.566666],[158.2      115.954545]
28852,[23 35],2,86.39393950000158,89.40000000000146,50.68333299999904,68.79999999999927,137.07727250000062,158.20000000000073,[89.4      83.387879],[68.8      32.566666],[158.2      115.954545]
28853,[23 35],2,86.39393950000158,89.40000000000146,50.68333299999904,68.79999999999927,137.07727250000062,158.20000000000073,[89.4      83.387879],[68.8      32.566666],[158.2      115.954545]
28854,[23 35],2,86.39393950000158,89.40000000000146,50.68333299999904,68.79999999999927,137.07727250000062,158.20000000000073,[89.4      83.387879],[68.8      32.566666],[158.2      115.954545]
28855,[23 35],2,86.39393950000158,89.40000000000146,50.68333299999904,68.79999999999927,137.07727250000062,158.20000000000073,[89.4      83.387879],[68.8      32.566666],[158.2      115.954545]
28856,[23 35],2,86.39393950000158,89.40000000000146,50.68333299999904,68.79999999999927,137.07727250000062,158.20000000000073,[89.4      83.387879],[68.8      32.566666],[158.2      115.954545]
28857,[23 35],2,86.39393950000158,89.40000000000146,50.68333299999904,68.79999999999927,137.07727250000062,158.20000000000073,[89.4      83.387879],[68.8      32.566666],[158.2      115.954545]
28858,[23 35],2,86.39393950000158,89.40000000000146,50.68333299999904,68.79999999999927,137.07727250000062,158.20000000000073,[89.4      83.387879],[68.8      32.566666],[158.2      115.954545]
28859,[23 35],2,86.39393950000158,89.40000000000146,50.68333299999904,68.79999999999927,137.07727250000062,158.20000000000073,[89.4      83.387879],[68.8      32.566666],[158.2      115.954545]
28860,[23 35],2,86.39393950000158,89.40000000000146,50.68333299999904,68.79999999999927,137.07727250000062,158.20000000000073,[89.4      83.387879],[68.8      32.566666],[158.2      115.954545]
28861,[23 35],2,86.39393950000158,89.40000000000146,50.68333299999904,68.79999999999927,137.07727250000062,158.20000000000073,[89.4      83.387879],[68.8      32.566666],[158.2      115.954545]
28862,[23 35],2,86.39393950000158,89.40000000000146,50.68333299999904,68.79999999999927,137.07727250000062,158.20000000000073,[89.4      83.387879],[68.8      32.566666],[158.2      115.954545]
28863,[23 35],2,86.39393950000158,89.40000000000146,50.68333299999904,68.79999999999927,137.07727250000062,158.20000000000073,[89.4      83.387879],[68.8      32.566666],[158.2      115.954545]
28864,[23 35],2,86.39393950000158,89.40000000000146,50.68333299999904,68.79999999999927,137.07727250000062,158.20000000000073,[89.4      83.387879],[68.8      32.566666],[158.2      115.954545]
28865,[23 35],2,86.39393950000158,89.40000000000146,50.68333299999904,68.79999999999927,137.07727250000062,158.20000000000073,[89.4      83.387879],[68.8      32.566666],[158.2      115.954545]
28866,[23 35],2,86.39393950000158,89.40000000000146,50.68333299999904,68.79999999999927,137.07727250000062,158.20000000000073,[89.4      83.387879],[68.8      32.566666],[158.2      115.954545]
28867,[23 35],2,86.39393950000158,89.40000000000146,50.68333299999904,68.79999999999927,137.07727250000062,158.20000000000073,[89.4      83.387879],[68.8      32.566666],[158.2      115.954545]
28868,[23 35],2,86.39393950000158,89.40000000000146,50.68333299999904,68.79999999999927,137.07727250000062,158.20000000000073,[89.4      83.387879],[68.8      32.566666],[158.2      115.954545]
28869,[23 35],2,86.39393950000158,89.40000000000146,50.68333299999904,68.79999999999927,137.07727250000062,158.20000000000073,[89.4      83.387879],[68.8      32.566666],[158.2      115.954545]
28870,[23 35],2,86.39393950000158,89.40000000000146,50.68333299999904,68.79999999999927,137.07727250000062,158.20000000000073,[89.4      83.387879],[68.8      32.566666],[158.2      115.954545]
28871,[23 35],2,86.39393950000158,89.40000000000146,50.68333299999904,68.79999999999927,137.07727250000062,158.20000000000073,[89.4      83.387879],[68.8      32.566666],[158.2      115.954545]
28872,[23 35],2,86.39393950000158,89.40000000000146,50.68333299999904,68.79999999999927,137.07727250000062,158.20000000000073,[89.4      83.387879],[68.8      32.566666],[158.2      115.954545]
28873,[23 35],2,86.39393950000158,89.40000000000146,50.68333299999904,68.79999999999927,137.07727250000062,158.20000000000073,[89.4      83.387879],[68.8      32.566666],[158.2      115.954545]
28874,[23 35 65],3,72.39191933333495,89.40000000000146,44.64444399999896,68.79999999999927,117.03636333333391,158.20000000000073,[89.4      83.387879 44.387879],[68.8      32.566666 32.566666],[158.2      115.954545  76.954545]
28875,[23 35 65],3,72.39191933333495,89.40000000000146,44.64444399999896,68.79999999999927,117.03636333333391,158.20000000000073,[89.4      83.387879 44.387879],[68.8      32.566666 32.566666],[158.2      115.954545  76.954545]
28876,[23 35 65],3,72.39191933333495,89.40000000000146,44.64444399999896,68.79999999999927,117.03636333333391,158.20000000000073,[89.4      83.387879 44.387879],[68.8      32.566666 32.566666],[158.2      115.954545  76.954545]
28877,[23 35 65],3,72.39191933333495,89.40000000000146,44.64444399999896,68.79999999999927,117.03636333333391,158.20000000000073,[89.4      83.387879 44.387879],[68.8      32.566666 32.566666],[158.2      115.954545  76.954545]
28878,[23 35 65],3,72.39191933333495,89.40000000000146,44.64444399999896,68.79999999999927,117.03636333333391,158.20000000000073,[89.4      83.387879 44.387879],[68.8      32.566666 32.566666],[158.2      115.954545  76.954545]
28879,[23 35 65],3,72.39191933333495,89.40000000000146,44.64444399999896,68.79999999999927,117.03636333333391,158.20000000000073,[89.4      83.387879 44.387879],[68.8      32.566666 32.566666],[158.2      115.954545  76.954545]
28880,[23 35 65],3,72.39191933333495,89.40000000000146,44.64444399999896,68.79999999999927,117.03636333333391,158.20000000000073,[89.4      83.387879 44.387879],[68.8      32.566666 32.566666],[158.2      115.954545  76.954545]
28881,[23 35 65],3,72.39191933333495,89.40000000000146,44.64444399999896,68.79999999999927,117.03636333333391,158.20000000000073,[89.4      83.387879 44.387879],[68.8      32.566666 32.566666],[158.2      115.954545  76.954545]
28882,[23 35 65],3,72.39191933333495,89.40000000000146,44.64444399999896,68.79999999999927,117.03636333333391,158.20000000000073,[89.4      83.387879 44.387879],[68.8      32.566666 32.566666],[158.2      115.954545  76.954545]
28883,[23 35 65],3,72.39191933333495,89.40000000000146,44.64444399999896,68.79999999999927,117.03636333333391,158.20000000000073,[89.4      83.387879 44.387879],[68.8      32.566666 32.566666],[158.2      115.954545  76.954545]
28884,[23 35 65],3,72.39191933333495,89.40000000000146,44.64444399999896,68.79999999999927,117.03636333333391,158.20000000000073,[89.4      83.387879 44.387879],[68.8      32.566666 32.566666],[158.2      115.954545  76.954545]
28885,[23 35 65],3,72.39191933333495,89.40000000000146,44.64444399999896,68.79999999999927,117.03636333333391,158.20000000000073,[89.4      83.387879 44.387879],[68.8      32.566666 32.566666],[158.2      115.954545  76.954545]
28886,[23 35 65],3,72.39191933333495,89.40000000000146,44.64444399999896,68.79999999999927,117.03636333333391,158.20000000000073,[89.4      83.387879 44.387879],[68.8      32.566666 32.566666],[158.2      115.954545  76.954545]
28887,[23 35 65],3,72.39191933333495,89.40000000000146,44.64444399999896,68.79999999999927,117.03636333333391,158.20000000000073,[89.4      83.387879 44.387879],[68.8      32.566666 32.566666],[158.2      115.954545  76.954545]
28888,[23 35 65],3,72.39191933333495,89.40000000000146,44.64444399999896,68.79999999999927,117.03636333333391,158.20000000000073,[89.4      83.387879 44.387879],[68.8      32.566666 32.566666],[158.2      115.954545  76.954545]
28889,[23 35 65],3,72.39191933333495,89.40000000000146,44.64444399999896,68.79999999999927,117.03636333333391,158.20000000000073,[89.4      83.387879 44.387879],[68.8      32.566666 32.566666],[158.2      115.954545  76.954545]
28890,[23 35 65],3,72.39191933333495,89.40000000000146,44.64444399999896,68.79999999999927,117.03636333333391,158.20000000000073,[89.4      83.387879 44.387879],[68.8      32.566666 32.566666],[158.2      115.954545  76.954545]
28891,[23 35 65],3,72.39191933333495,89.40000000000146,44.64444399999896,68.79999999999927,117.03636333333391,158.20000000000073,[89.4      83.387879 44.387879],[68.8      32.566666 32.566666],[158.2      115.954545  76.954545]
28892,[23 35 65],3,72.39191933333495,89.40000000000146,44.64444399999896,68.79999999999927,117.03636333333391,158.20000000000073,[89.4      83.387879 44.387879],[68.8      32.566666 32.566666],[158.2      115.954545  76.954545]
28893,[23 35 65],3,72.39191933333495,89.40000000000146,44.64444399999896,68.79999999999927,117.03636333333391,158.20000000000073,[89.4      83.387879 44.387879],[68.8      32.566666 32.566666],[158.2      115.954545  76.954545]
28894,[23 35 65],3,72.39191933333495,89.40000000000146,44.64444399999896,68.79999999999927,117.03636333333391,158.20000000000073,[89.4      83.387879 44.387879],[68.8      32.566666 32.566666],[158.2      115.954545  76.954545]
28895,[23 35 65],3,72.39191933333495,89.40000000000146,44.64444399999896,68.79999999999927,117.03636333333391,158.20000000000073,[89.4      83.387879 44.387879],[68.8      32.566666 32.566666],[158.2      115.954545  76.954545]
28896,[23 35 65],3,72.39191933333495,89.40000000000146,44.64444399999896,68.79999999999927,117.03636333333391,158.20000000000073,[89.4      83.387879 44.387879],[68.8      32.566666 32.566666],[158.2      115.954545  76.954545]
28897,[23 35 65],3,72.39191933333495,89.40000000000146,44.64444399999896,68.79999999999927,117.03636333333391,158.20000000000073,[89.4      83.387879 44.387879],[68.8      32.566666 32.566666],[158.2      115.954545  76.954545]
28898,[23 35 65],3,72.39191933333495,89.40000000000146,44.64444399999896,68.79999999999927,117.03636333333391,158.20000000000073,[89.4      83.387879 44.387879],[68.8      32.566666 32.566666],[158.2      115.954545  76.954545]
28899,[23 35 65],3,72.39191933333495,89.40000000000146,44.64444399999896,68.79999999999927,117.03636333333391,158.20000000000073,[89.4      83.387879 44.387879],[68.8      32.566666 32.566666],[158.2      115.954545  76.954545]
28900,[23 35 65],3,72.39191933333495,89.40000000000146,44.64444399999896,68.79999999999927,117.03636333333391,158.20000000000073,[89.4      83.387879 44.387879],[68.8      32.566666 32.566666],[158.2      115.954545  76.954545]
28901,[23 35 65],3,72.39191933333495,89.40000000000146,44.64444399999896,68.79999999999927,117.03636333333391,158.20000000000073,[89.4      83.387879 44.387879],[68.8      32.566666 32.566666],[158.2      115.954545  76.954545]
28902,[23 35 65],3,72.39191933333495,89.40000000000146,44.64444399999896,68.79999999999927,117.03636333333391,158.20000000000073,[89.4      83.387879 44.387879],[68.8      32.566666 32.566666],[158.2      115.954545  76.954545]
28903,[23 35 65],3,72.39191933333495,89.40000000000146,44.64444399999896,68.79999999999927,117.03636333333391,158.20000000000073,[89.4      83.387879 44.387879],[68.8      32.566666 32.566666],[158.2      115.954545  76.954545]
28904,[23 35 65],3,72.39191933333495,89.40000000000146,44.64444399999896,68.79999999999927,117.03636333333391,158.20000000000073,[89.4      83.387879 44.387879],[68.8      32.566666 32.566666],[158.2      115.954545  76.954545]
28905,[23 35 65],3,72.39191933333495,89.40000000000146,44.64444399999896,68.79999999999927,117.03636333333391,158.20000000000073,[89.4      83.387879 44.387879],[68.8      32.566666 32.566666],[158.2      115.954545  76.954545]
28906,[23 35 65],3,72.39191933333495,89.40000000000146,44.64444399999896,68.79999999999927,117.03636333333391,158.20000000000073,[89.4      83.387879 44.387879],[68.8      32.566666 32.566666],[158.2      115.954545  76.954545]
28907,[23 35 65],3,72.39191933333495,89.40000000000146,44.64444399999896,68.79999999999927,117.03636333333391,158.20000000000073,[89.4      83.387879 44.387879],[68.8      32.566666 32.566666],[158.2      115.954545  76.954545]
28908,[23 35 65],3,72.39191933333495,89.40000000000146,44.64444399999896,68.79999999999927,117.03636333333391,158.20000000000073,[89.4      83.387879 44.387879],[68.8      32.566666 32.566666],[158.2      115.954545  76.954545]
28909,[23 35 65],3,72.39191933333495,89.40000000000146,44.64444399999896,68.79999999999927,117.03636333333391,158.20000000000073,[89.4      83.387879 44.387879],[68.8      32.566666 32.566666],[158.2      115.954545  76.954545]
28910,[23 35 65],3,72.39191933333495,89.40000000000146,44.64444399999896,68.79999999999927,117.03636333333391,158.20000000000073,[89.4      83.387879 44.387879],[68.8      32.566666 32.566666],[158.2      115.954545  76.954545]
28911,[23 35 65],3,72.39191933333495,89.40000000000146,44.64444399999896,68.79999999999927,117.03636333333391,158.20000000000073,[89.4      83.387879 44.387879],[68.8      32.566666 32.566666],[158.2      115.954545  76.954545]
28912,[23 35 65],3,72.39191933333495,89.40000000000146,44.64444399999896,68.79999999999927,117.03636333333391,158.20000000000073,[89.4      83.387879 44.387879],[68.8      32.566666 32.566666],[158.2      115.954545  76.954545]
28913,[23 35 65],3,72.39191933333495,89.40000000000146,44.64444399999896,68.79999999999927,117.03636333333391,158.20000000000073,[89.4      83.387879 44.387879],[68.8      32.566666 32.566666],[158.2      115.954545  76.954545]
28914,[35 65],2,63.8878790000017,83.3878790000017,32.566665999998804,32.566665999998804,96.45454500000051,115.95454500000051,[83.387879 44.387879],[32.566666 32.566666],[115.954545  76.954545]
28915,[35 65 90],3,42.59191933333447,83.3878790000017,38.67777733333302,50.900000000001455,81.26969666666749,115.95454500000051,[83.387879 44.387879  0.      ],[32.566666 32.566666 50.9     ],[115.954545  76.954545  50.9     ]
28916,[35 65],2,63.8878790000017,83.3878790000017,32.566665999998804,32.566665999998804,96.45454500000051,115.95454500000051,[83.387879 44.387879],[32.566666 32.566666],[115.954545  76.954545]
28917,[35 65],2,63.8878790000017,83.3878790000017,32.566665999998804,32.566665999998804,96.45454500000051,115.95454500000051,[83.387879 44.387879],[32.566666 32.566666],[115.954545  76.954545]
28918,[35 65],2,63.8878790000017,83.3878790000017,32.566665999998804,32.566665999998804,96.45454500000051,115.95454500000051,[83.387879 44.387879],[32.566666 32.566666],[115.954545  76.954545]
28919,[],0,0.0,0.0,0.0,0.0,0.0,0.0,[],[],[]
28920,[],0,0.0,0.0,0.0,0.0,0.0,0.0,[],[],[]
28921,[],0,0.0,0.0,0.0,0.0,0.0,0.0,[],[],[]
28922,[],0,0.0,0.0,0.0,0.0,0.0,0.0,[],[],[]
28923,[],0,0.0,0.0,0.0,0.0,0.0,0.0,[],[],[]
28924,[],0,0.0,0.0,0.0,0.0,0.0,0.0,[],[],[]
28925,[],0,0.0,0.0,0.0,0.0,0.0,0.0,[],[],[]
28926,[],0,0.0,0.0,0.0,0.0,0.0,0.0,[],[],[]
28927,[],0,0.0,0.0,0.0,0.0,0.0,0.0,[],[],[]
28928,[],0,0.0,0.0,0.0,0.0,0.0,0.0,[],[],[]
28929,[],0,0.0,0.0,0.0,0.0,0.0,0.0,[],[],[]
28930,[],0,0.0,0.0,0.0,0.0,0.0,0.0,[],[],[]
28931,[],0,0.0,0.0,0.0,0.0,0.0,0.0,[],[],[]
28932,[],0,0.0,0.0,0.0,0.0,0.0,0.0,[],[],[]
28933,[],0,0.0,0.0,0.0,0.0,0.0,0.0,[],[],[]
28934,[],0,0.0,0.0,0.0,0.0,0.0,0.0,[],[],[]
28935,[],0,0.0,0.0,0.0,0.0,0.0,0.0,[],[],[]
28936,[],0,0.0,0.0,0.0,0.0,0.0,0.0,[],[],[]
28937,[],0,0.0,0.0,0.0,0.0,0.0,0.0,[],[],[]
28938,[],0,0.0,0.0,0.0,0.0,0.0,0.0,[],[],[]
28939,[],0,0.0,0.0,0.0,0.0,0.0,0.0,[],[],[]
28940,[],0,0.0,0.0,0.0,0.0,0.0,0.0,[],[],[]
28941,[],0,0.0,0.0,0.0,0.0,0.0,0.0,[],[],[]
28942,[],0,0.0,0.0,0.0,0.0,0.0,0.0,[],[],[]
28943,[],0,0.0,0.0,0.0,0.0,0.0,0.0,[],[],[]
28944,[],0,0.0,0.0,0.0,0.0,0.0,0.0,[],[],[]
28945,[],0,0.0,0.0,0.0,0.0,0.0,0.0,[],[],[]
28946,[],0,0.0,0.0,0.0,0.0,0.0,0.0,[],[],[]
28947,[],0,0.0,0.0,0.0,0.0,0.0,0.0,[],[],[]
28948,[],0,0.0,0.0,0.0,0.0,0.0,0.0,[],[],[]
28949,[],0,0.0,0.0,0.0,0.0,0.0,0.0,[],[],[]
28950,[],0,0.0,0.0,0.0,0.0,0.0,0.0,[],[],[]
28951,[],0,0.0,0.0,0.0,0.0,0.0,0.0,[],[],[]
28952,[],0,0.0,0.0,0.0,0.0,0.0,0.0,[],[],[]
28953,[],0,0.0,0.0,0.0,0.0,0.0,0.0,[],[],[]
28954,[],0,0.0,0.0,0.0,0.0,0.0,0.0,[],[],[]
28955,[],0,0.0,0.0,0.0,0.0,0.0,0.0,[],[],[]
28956,[],0,0.0,0.0,0.0,0.0,0.0,0.0,[],[],[]
28957,[],0,0.0,0.0,0.0,0.0,0.0,0.0,[],[],[]
28958,[],0,0.0,0.0,0.0,0.0,0.0,0.0,[],[],[]
28959,[],0,0.0,0.0,0.0,0.0,0.0,0.0,[],[],[]
28960,[],0,0.0,0.0,0.0,0.0,0.0,0.0,[],[],[]
28961,[],0,0.0,0.0,0.0,0.0,0.0,0.0,[],[],[]
28962,[],0,0.0,0.0,0.0,0.0,0.0,0.0,[],[],[]
28963,[],0,0.0,0.0,0.0,0.0,0.0,0.0,[],[],[]
28964,[],0,0.0,0.0,0.0,0.0,0.0,0.0,[],[],[]
28965,[],0,0.0,0.0,0.0,0.0,0.0,0.0,[],[],[]
28966,[],0,0.0,0.0,0.0,0.0,0.0,0.0,[],[],[]
28967,[],0,0.0,0.0,0.0,0.0,0.0,0.0,[],[],[]
28968,[],0,0.0,0.0,0.0,0.0,0.0,0.0,[],[],[]
28969,[],0,0.0,0.0,0.0,0.0,0.0,0.0,[],[],[]
28970,[],0,0.0,0.0,0.0,0.0,0.0,0.0,[],[],[]
28971,[],0,0.0,0.0,0.0,0.0,0.0,0.0,[],[],[]
28972,[],0,0.0,0.0,0.0,0.0,0.0,0.0,[],[],[]
28973,[],0,0.0,0.0,0.0,0.0,0.0,0.0,[],[],[]
28974,[],0,0.0,0.0,0.0,0.0,0.0,0.0,[],[],[]
28975,[],0,0.0,0.0,0.0,0.0,0.0,0.0,[],[],[]
28976,[],0,0.0,0.0,0.0,0.0,0.0,0.0,[],[],[]
28977,[],0,0.0,0.0,0.0,0.0,0.0,0.0,[],[],[]
28978,[],0,0.0,0.0,0.0,0.0,0.0,0.0,[],[],[]
28979,[],0,0.0,0.0,0.0,0.0,0.0,0.0,[],[],[]
28980,[],0,0.0,0.0,0.0,0.0,0.0,0.0,[],[],[]
28981,[],0,0.0,0.0,0.0,0.0,0.0,0.0,[],[],[]
28982,[],0,0.0,0.0,0.0,0.0,0.0,0.0,[],[],[]
28983,[],0,0.0,0.0,0.0,0.0,0.0,0.0,[],[],[]
28984,[],0,0.0,0.0,0.0,0.0,0.0,0.0,[],[],[]
28985,[],0,0.0,0.0,0.0,0.0,0.0,0.0,[],[],[]
28986,[],0,0.0,0.0,0.0,0.0,0.0,0.0,[],[],[]
28987,[],0,0.0,0.0,0.0,0.0,0.0,0.0,[],[],[]
28988,[],0,0.0,0.0,0.0,0.0,0.0,0.0,[],[],[]
28989,[],0,0.0,0.0,0.0,0.0,0.0,0.0,[],[],[]
28990,[],0,0.0,0.0,0.0,0.0,0.0,0.0,[],[],[]
28991,[],0,0.0,0.0,0.0,0.0,0.0,0.0,[],[],[]
28992,[],0,0.0,0.0,0.0,0.0,0.0,0.0,[],[],[]
28993,[],0,0.0,0.0,0.0,0.0,0.0,0.0,[],[],[]
28994,[],0,0.0,0.0,0.0,0.0,0.0,0.0,[],[],[]
28995,[],0,0.0,0.0,0.0,0.0,0.0,0.0,[],[],[]
28996,[],0,0.0,0.0,0.0,0.0,0.0,0.0,[],[],[]
28997,[],0,0.0,0.0,0.0,0.0,0.0,0.0,[],[],[]
28998,[],0,0.0,0.0,0.0,0.0,0.0,0.0,[],[],[]
28999,[],0,0.0,0.0,0.0,0.0,0.0,0.0,[],[],[]
29000,[],0,0.0,0.0,0.0,0.0,0.0,0.0,[],[],[]
29001,[],0,0.0,0.0,0.0,0.0,0.0,0.0,[],[],[]
29002,[159],1,35.20000000000073,35.20000000000073,29.700000000000728,29.700000000000728,64.90000000000146,64.90000000000146,[35.2],[29.7],[64.9]
29003,[159],1,35.20000000000073,35.20000000000073,29.700000000000728,29.700000000000728,64.90000000000146,64.90000000000146,[35.2],[29.7],[64.9]
29004,[159],1,35.20000000000073,35.20000000000073,29.700000000000728,29.700000000000728,64.90000000000146,64.90000000000146,[35.2],[29.7],[64.9]
29005,[159],1,35.20000000000073,35.20000000000073,29.700000000000728,29.700000000000728,64.90000000000146,64.90000000000146,[35.2],[29.7],[64.9]
29006,[159],1,35.20000000000073,35.20000000000073,29.700000000000728,29.700000000000728,64.90000000000146,64.90000000000146,[35.2],[29.7],[64.9]
29007,[159],1,35.20000000000073,35.20000000000073,29.700000000000728,29.700000000000728,64.90000000000146,64.90000000000146,[35.2],[29.7],[64.9]
29008,[159],1,35.20000000000073,35.20000000000073,29.700000000000728,29.700000000000728,64.90000000000146,64.90000000000146,[35.2],[29.7],[64.9]
29009,[159],1,35.20000000000073,35.20000000000073,29.700000000000728,29.700000000000728,64.90000000000146,64.90000000000146,[35.2],[29.7],[64.9]
29010,[159],1,35.20000000000073,35.20000000000073,29.700000000000728,29.700000000000728,64.90000000000146,64.90000000000146,[35.2],[29.7],[64.9]
29011,[159],1,35.20000000000073,35.20000000000073,29.700000000000728,29.700000000000728,64.90000000000146,64.90000000000146,[35.2],[29.7],[64.9]
29012,[159],1,35.20000000000073,35.20000000000073,29.700000000000728,29.700000000000728,64.90000000000146,64.90000000000146,[35.2],[29.7],[64.9]
29013,[159],1,35.20000000000073,35.20000000000073,29.700000000000728,29.700000000000728,64.90000000000146,64.90000000000146,[35.2],[29.7],[64.9]
29014,[159],1,35.20000000000073,35.20000000000073,29.700000000000728,29.700000000000728,64.90000000000146,64.90000000000146,[35.2],[29.7],[64.9]
29015,[159],1,35.20000000000073,35.20000000000073,29.700000000000728,29.700000000000728,64.90000000000146,64.90000000000146,[35.2],[29.7],[64.9]
29016,[159],1,35.20000000000073,35.20000000000073,29.700000000000728,29.700000000000728,64.90000000000146,64.90000000000146,[35.2],[29.7],[64.9]
29017,[159],1,35.20000000000073,35.20000000000073,29.700000000000728,29.700000000000728,64.90000000000146,64.90000000000146,[35.2],[29.7],[64.9]
29018,[159],1,35.20000000000073,35.20000000000073,29.700000000000728,29.700000000000728,64.90000000000146,64.90000000000146,[35.2],[29.7],[64.9]
29019,[159],1,35.20000000000073,35.20000000000073,29.700000000000728,29.700000000000728,64.90000000000146,64.90000000000146,[35.2],[29.7],[64.9]
29020,[159],1,35.20000000000073,35.20000000000073,29.700000000000728,29.700000000000728,64.90000000000146,64.90000000000146,[35.2],[29.7],[64.9]
29021,[159],1,35.20000000000073,35.20000000000073,29.700000000000728,29.700000000000728,64.90000000000146,64.90000000000146,[35.2],[29.7],[64.9]
29022,[159],1,35.20000000000073,35.20000000000073,29.700000000000728,29.700000000000728,64.90000000000146,64.90000000000146,[35.2],[29.7],[64.9]
29023,[159],1,35.20000000000073,35.20000000000073,29.700000000000728,29.700000000000728,64.90000000000146,64.90000000000146,[35.2],[29.7],[64.9]
29024,[159],1,35.20000000000073,35.20000000000073,29.700000000000728,29.700000000000728,64.90000000000146,64.90000000000146,[35.2],[29.7],[64.9]
29025,[159],1,35.20000000000073,35.20000000000073,29.700000000000728,29.700000000000728,64.90000000000146,64.90000000000146,[35.2],[29.7],[64.9]
29026,[159 183],2,18.700000000000728,35.20000000000073,29.549999999999272,29.700000000000728,48.25,64.90000000000146,[35.2  2.2],[29.7 29.4],[64.9 31.6]
29027,[159 183],2,18.700000000000728,35.20000000000073,29.549999999999272,29.700000000000728,48.25,64.90000000000146,[35.2  2.2],[29.7 29.4],[64.9 31.6]
29028,[159 183],2,18.700000000000728,35.20000000000073,29.549999999999272,29.700000000000728,48.25,64.90000000000146,[35.2  2.2],[29.7 29.4],[64.9 31.6]
29029,[159],1,35.20000000000073,35.20000000000073,29.700000000000728,29.700000000000728,64.90000000000146,64.90000000000146,[35.2],[29.7],[64.9]
29030,[159],1,35.20000000000073,35.20000000000073,29.700000000000728,29.700000000000728,64.90000000000146,64.90000000000146,[35.2],[29.7],[64.9]
29031,[159],1,35.20000000000073,35.20000000000073,29.700000000000728,29.700000000000728,64.90000000000146,64.90000000000146,[35.2],[29.7],[64.9]
29032,[159],1,35.20000000000073,35.20000000000073,29.700000000000728,29.700000000000728,64.90000000000146,64.90000000000146,[35.2],[29.7],[64.9]
29033,[159],1,35.20000000000073,35.20000000000073,29.700000000000728,29.700000000000728,64.90000000000146,64.90000000000146,[35.2],[29.7],[64.9]
29034,[159],1,35.20000000000073,35.20000000000073,29.700000000000728,29.700000000000728,64.90000000000146,64.90000000000146,[35.2],[29.7],[64.9]
29035,[159],1,35.20000000000073,35.20000000000073,29.700000000000728,29.700000000000728,64.90000000000146,64.90000000000146,[35.2],[29.7],[64.9]
29036,[159],1,35.20000000000073,35.20000000000073,29.700000000000728,29.700000000000728,64.90000000000146,64.90000000000146,[35.2],[29.7],[64.9]
29037,[159],1,35.20000000000073,35.20000000000073,29.700000000000728,29.700000000000728,64.90000000000146,64.90000000000146,[35.2],[29.7],[64.9]
29038,[],0,0.0,0.0,0.0,0.0,0.0,0.0,[],[],[]
29039,[],0,0.0,0.0,0.0,0.0,0.0,0.0,[],[],[]
29040,[],0,0.0,0.0,0.0,0.0,0.0,0.0,[],[],[]
29041,[],0,0.0,0.0,0.0,0.0,0.0,0.0,[],[],[]
29042,[],0,0.0,0.0,0.0,0.0,0.0,0.0,[],[],[]
29043,[],0,0.0,0.0,0.0,0.0,0.0,0.0,[],[],[]
29044,[],0,0.0,0.0,0.0,0.0,0.0,0.0,[],[],[]
29045,[],0,0.0,0.0,0.0,0.0,0.0,0.0,[],[],[]
29046,[],0,0.0,0.0,0.0,0.0,0.0,0.0,[],[],[]
29047,[],0,0.0,0.0,0.0,0.0,0.0,0.0,[],[],[]
29048,[],0,0.0,0.0,0.0,0.0,0.0,0.0,[],[],[]
29049,[],0,0.0,0.0,0.0,0.0,0.0,0.0,[],[],[]
29050,[],0,0.0,0.0,0.0,0.0,0.0,0.0,[],[],[]
29051,[],0,0.0,0.0,0.0,0.0,0.0,0.0,[],[],[]
29052,[],0,0.0,0.0,0.0,0.0,0.0,0.0,[],[],[]
29053,[],0,0.0,0.0,0.0,0.0,0.0,0.0,[],[],[]
29054,[],0,0.0,0.0,0.0,0.0,0.0,0.0,[],[],[]
29055,[],0,0.0,0.0,0.0,0.0,0.0,0.0,[],[],[]
29056,[],0,0.0,0.0,0.0,0.0,0.0,0.0,[],[],[]
29057,[],0,0.0,0.0,0.0,0.0,0.0,0.0,[],[],[]
29058,[],0,0.0,0.0,0.0,0.0,0.0,0.0,[],[],[]
29059,[],0,0.0,0.0,0.0,0.0,0.0,0.0,[],[],[]
29060,[],0,0.0,0.0,0.0,0.0,0.0,0.0,[],[],[]
29061,[],0,0.0,0.0,0.0,0.0,0.0,0.0,[],[],[]
29062,[],0,0.0,0.0,0.0,0.0,0.0,0.0,[],[],[]
29063,[],0,0.0,0.0,0.0,0.0,0.0,0.0,[],[],[]
29064,[],0,0.0,0.0,0.0,0.0,0.0,0.0,[],[],[]
29065,[],0,0.0,0.0,0.0,0.0,0.0,0.0,[],[],[]
29066,[],0,0.0,0.0,0.0,0.0,0.0,0.0,[],[],[]
29067,[],0,0.0,0.0,0.0,0.0,0.0,0.0,[],[],[]
29068,[],0,0.0,0.0,0.0,0.0,0.0,0.0,[],[],[]
29069,[],0,0.0,0.0,0.0,0.0,0.0,0.0,[],[],[]
29070,[],0,0.0,0.0,0.0,0.0,0.0,0.0,[],[],[]
29071,[],0,0.0,0.0,0.0,0.0,0.0,0.0,[],[],[]
29072,[],0,0.0,0.0,0.0,0.0,0.0,0.0,[],[],[]
29073,[],0,0.0,0.0,0.0,0.0,0.0,0.0,[],[],[]
29074,[],0,0.0,0.0,0.0,0.0,0.0,0.0,[],[],[]
29075,[],0,0.0,0.0,0.0,0.0,0.0,0.0,[],[],[]
29076,[],0,0.0,0.0,0.0,0.0,0.0,0.0,[],[],[]
29077,[],0,0.0,0.0,0.0,0.0,0.0,0.0,[],[],[]
29078,[],0,0.0,0.0,0.0,0.0,0.0,0.0,[],[],[]
29079,[],0,0.0,0.0,0.0,0.0,0.0,0.0,[],[],[]
29080,[],0,0.0,0.0,0.0,0.0,0.0,0.0,[],[],[]
29081,[],0,0.0,0.0,0.0,0.0,0.0,0.0,[],[],[]
29082,[],0,0.0,0.0,0.0,0.0,0.0,0.0,[],[],[]
29083,[],0,0.0,0.0,0.0,0.0,0.0,0.0,[],[],[]
29084,[],0,0.0,0.0,0.0,0.0,0.0,0.0,[],[],[]
29085,[],0,0.0,0.0,0.0,0.0,0.0,0.0,[],[],[]
29086,[],0,0.0,0.0,0.0,0.0,0.0,0.0,[],[],[]
29087,[],0,0.0,0.0,0.0,0.0,0.0,0.0,[],[],[]
29088,[],0,0.0,0.0,0.0,0.0,0.0,0.0,[],[],[]
29089,[],0,0.0,0.0,0.0,0.0,0.0,0.0,[],[],[]
29090,[],0,0.0,0.0,0.0,0.0,0.0,0.0,[],[],[]
29091,[],0,0.0,0.0,0.0,0.0,0.0,0.0,[],[],[]
29092,[],0,0.0,0.0,0.0,0.0,0.0,0.0,[],[],[]
29093,[],0,0.0,0.0,0.0,0.0,0.0,0.0,[],[],[]
29094,[],0,0.0,0.0,0.0,0.0,0.0,0.0,[],[],[]
29095,[],0,0.0,0.0,0.0,0.0,0.0,0.0,[],[],[]
29096,[],0,0.0,0.0,0.0,0.0,0.0,0.0,[],[],[]
29097,[],0,0.0,0.0,0.0,0.0,0.0,0.0,[],[],[]
29098,[],0,0.0,0.0,0.0,0.0,0.0,0.0,[],[],[]
29099,[],0,0.0,0.0,0.0,0.0,0.0,0.0,[],[],[]
29100,[],0,0.0,0.0,0.0,0.0,0.0,0.0,[],[],[]
29101,[],0,0.0,0.0,0.0,0.0,0.0,0.0,[],[],[]
29102,[],0,0.0,0.0,0.0,0.0,0.0,0.0,[],[],[]
29103,[],0,0.0,0.0,0.0,0.0,0.0,0.0,[],[],[]
29104,[],0,0.0,0.0,0.0,0.0,0.0,0.0,[],[],[]
29105,[],0,0.0,0.0,0.0,0.0,0.0,0.0,[],[],[]
29106,[],0,0.0,0.0,0.0,0.0,0.0,0.0,[],[],[]
29107,[],0,0.0,0.0,0.0,0.0,0.0,0.0,[],[],[]
29108,[],0,0.0,0.0,0.0,0.0,0.0,0.0,[],[],[]
29109,[],0,0.0,0.0,0.0,0.0,0.0,0.0,[],[],[]
29110,[],0,0.0,0.0,0.0,0.0,0.0,0.0,[],[],[]
29111,[],0,0.0,0.0,0.0,0.0,0.0,0.0,[],[],[]
29112,[],0,0.0,0.0,0.0,0.0,0.0,0.0,[],[],[]
29113,[],0,0.0,0.0,0.0,0.0,0.0,0.0,[],[],[]
29114,[],0,0.0,0.0,0.0,0.0,0.0,0.0,[],[],[]
29115,[],0,0.0,0.0,0.0,0.0,0.0,0.0,[],[],[]
29116,[],0,0.0,0.0,0.0,0.0,0.0,0.0,[],[],[]
29117,[],0,0.0,0.0,0.0,0.0,0.0,0.0,[],[],[]
29118,[],0,0.0,0.0,0.0,0.0,0.0,0.0,[],[],[]
29119,[],0,0.0,0.0,0.0,0.0,0.0,0.0,[],[],[]
29120,[],0,0.0,0.0,0.0,0.0,0.0,0.0,[],[],[]
29121,[],0,0.0,0.0,0.0,0.0,0.0,0.0,[],[],[]
29122,[],0,0.0,0.0,0.0,0.0,0.0,0.0,[],[],[]
29123,[],0,0.0,0.0,0.0,0.0,0.0,0.0,[],[],[]
29124,[],0,0.0,0.0,0.0,0.0,0.0,0.0,[],[],[]
29125,[],0,0.0,0.0,0.0,0.0,0.0,0.0,[],[],[]
29126,[],0,0.0,0.0,0.0,0.0,0.0,0.0,[],[],[]
29127,[],0,0.0,0.0,0.0,0.0,0.0,0.0,[],[],[]
29128,[],0,0.0,0.0,0.0,0.0,0.0,0.0,[],[],[]
29129,[],0,0.0,0.0,0.0,0.0,0.0,0.0,[],[],[]
29130,[],0,0.0,0.0,0.0,0.0,0.0,0.0,[],[],[]
29131,[],0,0.0,0.0,0.0,0.0,0.0,0.0,[],[],[]
29132,[],0,0.0,0.0,0.0,0.0,0.0,0.0,[],[],[]
29133,[],0,0.0,0.0,0.0,0.0,0.0,0.0,[],[],[]
29134,[],0,0.0,0.0,0.0,0.0,0.0,0.0,[],[],[]
29135,[],0,0.0,0.0,0.0,0.0,0.0,0.0,[],[],[]
29136,[],0,0.0,0.0,0.0,0.0,0.0,0.0,[],[],[]
29137,[],0,0.0,0.0,0.0,0.0,0.0,0.0,[],[],[]
29138,[],0,0.0,0.0,0.0,0.0,0.0,0.0,[],[],[]
29139,[],0,0.0,0.0,0.0,0.0,0.0,0.0,[],[],[]
29140,[],0,0.0,0.0,0.0,0.0,0.0,0.0,[],[],[]
29141,[],0,0.0,0.0,0.0,0.0,0.0,0.0,[],[],[]
29142,[],0,0.0,0.0,0.0,0.0,0.0,0.0,[],[],[]
29143,[],0,0.0,0.0,0.0,0.0,0.0,0.0,[],[],[]
29144,[],0,0.0,0.0,0.0,0.0,0.0,0.0,[],[],[]
29145,[],0,0.0,0.0,0.0,0.0,0.0,0.0,[],[],[]
29146,[],0,0.0,0.0,0.0,0.0,0.0,0.0,[],[],[]
29147,[],0,0.0,0.0,0.0,0.0,0.0,0.0,[],[],[]
29148,[],0,0.0,0.0,0.0,0.0,0.0,0.0,[],[],[]
29149,[],0,0.0,0.0,0.0,0.0,0.0,0.0,[],[],[]
29150,[],0,0.0,0.0,0.0,0.0,0.0,0.0,[],[],[]
29151,[],0,0.0,0.0,0.0,0.0,0.0,0.0,[],[],[]
29152,[],0,0.0,0.0,0.0,0.0,0.0,0.0,[],[],[]
29153,[],0,0.0,0.0,0.0,0.0,0.0,0.0,[],[],[]
29154,[],0,0.0,0.0,0.0,0.0,0.0,0.0,[],[],[]
29155,[],0,0.0,0.0,0.0,0.0,0.0,0.0,[],[],[]
29156,[],0,0.0,0.0,0.0,0.0,0.0,0.0,[],[],[]
29157,[],0,0.0,0.0,0.0,0.0,0.0,0.0,[],[],[]
29158,[],0,0.0,0.0,0.0,0.0,0.0,0.0,[],[],[]
29159,[],0,0.0,0.0,0.0,0.0,0.0,0.0,[],[],[]
29160,[],0,0.0,0.0,0.0,0.0,0.0,0.0,[],[],[]
29161,[],0,0.0,0.0,0.0,0.0,0.0,0.0,[],[],[]
29162,[],0,0.0,0.0,0.0,0.0,0.0,0.0,[],[],[]
29163,[],0,0.0,0.0,0.0,0.0,0.0,0.0,[],[],[]
29164,[],0,0.0,0.0,0.0,0.0,0.0,0.0,[],[],[]
29165,[],0,0.0,0.0,0.0,0.0,0.0,0.0,[],[],[]
29166,[],0,0.0,0.0,0.0,0.0,0.0,0.0,[],[],[]
29167,[],0,0.0,0.0,0.0,0.0,0.0,0.0,[],[],[]
29168,[],0,0.0,0.0,0.0,0.0,0.0,0.0,[],[],[]
29169,[],0,0.0,0.0,0.0,0.0,0.0,0.0,[],[],[]
29170,[],0,0.0,0.0,0.0,0.0,0.0,0.0,[],[],[]
29171,[],0,0.0,0.0,0.0,0.0,0.0,0.0,[],[],[]
29172,[],0,0.0,0.0,0.0,0.0,0.0,0.0,[],[],[]
29173,[],0,0.0,0.0,0.0,0.0,0.0,0.0,[],[],[]
29174,[],0,0.0,0.0,0.0,0.0,0.0,0.0,[],[],[]
29175,[],0,0.0,0.0,0.0,0.0,0.0,0.0,[],[],[]
29176,[],0,0.0,0.0,0.0,0.0,0.0,0.0,[],[],[]
29177,[],0,0.0,0.0,0.0,0.0,0.0,0.0,[],[],[]
29178,[],0,0.0,0.0,0.0,0.0,0.0,0.0,[],[],[]
29179,[],0,0.0,0.0,0.0,0.0,0.0,0.0,[],[],[]
29180,[],0,0.0,0.0,0.0,0.0,0.0,0.0,[],[],[]
29181,[],0,0.0,0.0,0.0,0.0,0.0,0.0,[],[],[]
29182,[],0,0.0,0.0,0.0,0.0,0.0,0.0,[],[],[]
29183,[],0,0.0,0.0,0.0,0.0,0.0,0.0,[],[],[]
29184,[],0,0.0,0.0,0.0,0.0,0.0,0.0,[],[],[]
29185,[],0,0.0,0.0,0.0,0.0,0.0,0.0,[],[],[]
29186,[],0,0.0,0.0,0.0,0.0,0.0,0.0,[],[],[]
29187,[],0,0.0,0.0,0.0,0.0,0.0,0.0,[],[],[]
29188,[],0,0.0,0.0,0.0,0.0,0.0,0.0,[],[],[]
29189,[],0,0.0,0.0,0.0,0.0,0.0,0.0,[],[],[]
29190,[],0,0.0,0.0,0.0,0.0,0.0,0.0,[],[],[]
29191,[],0,0.0,0.0,0.0,0.0,0.0,0.0,[],[],[]
29192,[],0,0.0,0.0,0.0,0.0,0.0,0.0,[],[],[]
29193,[],0,0.0,0.0,0.0,0.0,0.0,0.0,[],[],[]
29194,[],0,0.0,0.0,0.0,0.0,0.0,0.0,[],[],[]
29195,[],0,0.0,0.0,0.0,0.0,0.0,0.0,[],[],[]
29196,[],0,0.0,0.0,0.0,0.0,0.0,0.0,[],[],[]
29197,[],0,0.0,0.0,0.0,0.0,0.0,0.0,[],[],[]
29198,[],0,0.0,0.0,0.0,0.0,0.0,0.0,[],[],[]
29199,[],0,0.0,0.0,0.0,0.0,0.0,0.0,[],[],[]
29200,[],0,0.0,0.0,0.0,0.0,0.0,0.0,[],[],[]
29201,[],0,0.0,0.0,0.0,0.0,0.0,0.0,[],[],[]
29202,[],0,0.0,0.0,0.0,0.0,0.0,0.0,[],[],[]
29203,[],0,0.0,0.0,0.0,0.0,0.0,0.0,[],[],[]
29204,[],0,0.0,0.0,0.0,0.0,0.0,0.0,[],[],[]
29205,[],0,0.0,0.0,0.0,0.0,0.0,0.0,[],[],[]
29206,[],0,0.0,0.0,0.0,0.0,0.0,0.0,[],[],[]
29207,[],0,0.0,0.0,0.0,0.0,0.0,0.0,[],[],[]
29208,[],0,0.0,0.0,0.0,0.0,0.0,0.0,[],[],[]
29209,[],0,0.0,0.0,0.0,0.0,0.0,0.0,[],[],[]
29210,[],0,0.0,0.0,0.0,0.0,0.0,0.0,[],[],[]
29211,[],0,0.0,0.0,0.0,0.0,0.0,0.0,[],[],[]
29212,[],0,0.0,0.0,0.0,0.0,0.0,0.0,[],[],[]
29213,[],0,0.0,0.0,0.0,0.0,0.0,0.0,[],[],[]
29214,[],0,0.0,0.0,0.0,0.0,0.0,0.0,[],[],[]
29215,[],0,0.0,0.0,0.0,0.0,0.0,0.0,[],[],[]
29216,[],0,0.0,0.0,0.0,0.0,0.0,0.0,[],[],[]
29217,[],0,0.0,0.0,0.0,0.0,0.0,0.0,[],[],[]
29218,[],0,0.0,0.0,0.0,0.0,0.0,0.0,[],[],[]
29219,[],0,0.0,0.0,0.0,0.0,0.0,0.0,[],[],[]
29220,[],0,0.0,0.0,0.0,0.0,0.0,0.0,[],[],[]
29221,[],0,0.0,0.0,0.0,0.0,0.0,0.0,[],[],[]
29222,[],0,0.0,0.0,0.0,0.0,0.0,0.0,[],[],[]
29223,[],0,0.0,0.0,0.0,0.0,0.0,0.0,[],[],[]
29224,[],0,0.0,0.0,0.0,0.0,0.0,0.0,[],[],[]
29225,[360],1,18.200000000000728,18.200000000000728,34.75454499999978,34.75454499999978,52.95454500000051,52.95454500000051,[18.2],[34.754545],[52.954545]
29226,[360],1,18.200000000000728,18.200000000000728,34.75454499999978,34.75454499999978,52.95454500000051,52.95454500000051,[18.2],[34.754545],[52.954545]
29227,[360],1,18.200000000000728,18.200000000000728,34.75454499999978,34.75454499999978,52.95454500000051,52.95454500000051,[18.2],[34.754545],[52.954545]
29228,[360],1,18.200000000000728,18.200000000000728,34.75454499999978,34.75454499999978,52.95454500000051,52.95454500000051,[18.2],[34.754545],[52.954545]
29229,[360],1,18.200000000000728,18.200000000000728,34.75454499999978,34.75454499999978,52.95454500000051,52.95454500000051,[18.2],[34.754545],[52.954545]
29230,[360],1,18.200000000000728,18.200000000000728,34.75454499999978,34.75454499999978,52.95454500000051,52.95454500000051,[18.2],[34.754545],[52.954545]
29231,[360],1,18.200000000000728,18.200000000000728,34.75454499999978,34.75454499999978,52.95454500000051,52.95454500000051,[18.2],[34.754545],[52.954545]
29232,[360],1,18.200000000000728,18.200000000000728,34.75454499999978,34.75454499999978,52.95454500000051,52.95454500000051,[18.2],[34.754545],[52.954545]
29233,[360],1,18.200000000000728,18.200000000000728,34.75454499999978,34.75454499999978,52.95454500000051,52.95454500000051,[18.2],[34.754545],[52.954545]
29234,[360],1,18.200000000000728,18.200000000000728,34.75454499999978,34.75454499999978,52.95454500000051,52.95454500000051,[18.2],[34.754545],[52.954545]
29235,[360],1,18.200000000000728,18.200000000000728,34.75454499999978,34.75454499999978,52.95454500000051,52.95454500000051,[18.2],[34.754545],[52.954545]
29236,[360],1,18.200000000000728,18.200000000000728,34.75454499999978,34.75454499999978,52.95454500000051,52.95454500000051,[18.2],[34.754545],[52.954545]
29237,[360],1,18.200000000000728,18.200000000000728,34.75454499999978,34.75454499999978,52.95454500000051,52.95454500000051,[18.2],[34.754545],[52.954545]
29238,[360],1,18.200000000000728,18.200000000000728,34.75454499999978,34.75454499999978,52.95454500000051,52.95454500000051,[18.2],[34.754545],[52.954545]
29239,[360],1,18.200000000000728,18.200000000000728,34.75454499999978,34.75454499999978,52.95454500000051,52.95454500000051,[18.2],[34.754545],[52.954545]
29240,[360],1,18.200000000000728,18.200000000000728,34.75454499999978,34.75454499999978,52.95454500000051,52.95454500000051,[18.2],[34.754545],[52.954545]
29241,[360],1,18.200000000000728,18.200000000000728,34.75454499999978,34.75454499999978,52.95454500000051,52.95454500000051,[18.2],[34.754545],[52.954545]
29242,[360],1,18.200000000000728,18.200000000000728,34.75454499999978,34.75454499999978,52.95454500000051,52.95454500000051,[18.2],[34.754545],[52.954545]
29243,[360],1,18.200000000000728,18.200000000000728,34.75454499999978,34.75454499999978,52.95454500000051,52.95454500000051,[18.2],[34.754545],[52.954545]
29244,[],0,0.0,0.0,0.0,0.0,0.0,0.0,[],[],[]
29245,[],0,0.0,0.0,0.0,0.0,0.0,0.0,[],[],[]
29246,[],0,0.0,0.0,0.0,0.0,0.0,0.0,[],[],[]
29247,[],0,0.0,0.0,0.0,0.0,0.0,0.0,[],[],[]
29248,[],0,0.0,0.0,0.0,0.0,0.0,0.0,[],[],[]
29249,[],0,0.0,0.0,0.0,0.0,0.0,0.0,[],[],[]
29250,[],0,0.0,0.0,0.0,0.0,0.0,0.0,[],[],[]
29251,[],0,0.0,0.0,0.0,0.0,0.0,0.0,[],[],[]
29252,[],0,0.0,0.0,0.0,0.0,0.0,0.0,[],[],[]
29253,[],0,0.0,0.0,0.0,0.0,0.0,0.0,[],[],[]
29254,[],0,0.0,0.0,0.0,0.0,0.0,0.0,[],[],[]
29255,[],0,0.0,0.0,0.0,0.0,0.0,0.0,[],[],[]
29256,[],0,0.0,0.0,0.0,0.0,0.0,0.0,[],[],[]
29257,[],0,0.0,0.0,0.0,0.0,0.0,0.0,[],[],[]
29258,[],0,0.0,0.0,0.0,0.0,0.0,0.0,[],[],[]
29259,[],0,0.0,0.0,0.0,0.0,0.0,0.0,[],[],[]
29260,[],0,0.0,0.0,0.0,0.0,0.0,0.0,[],[],[]
29261,[394],1,122.0,122.0,34.400000000001455,34.400000000001455,156.40000000000146,156.40000000000146,[122.],[34.4],[156.4]
29262,[394],1,122.0,122.0,34.400000000001455,34.400000000001455,156.40000000000146,156.40000000000146,[122.],[34.4],[156.4]
29263,[394],1,122.0,122.0,34.400000000001455,34.400000000001455,156.40000000000146,156.40000000000146,[122.],[34.4],[156.4]
29264,[394],1,122.0,122.0,34.400000000001455,34.400000000001455,156.40000000000146,156.40000000000146,[122.],[34.4],[156.4]
29265,[394],1,122.0,122.0,34.400000000001455,34.400000000001455,156.40000000000146,156.40000000000146,[122.],[34.4],[156.4]
29266,[394],1,122.0,122.0,34.400000000001455,34.400000000001455,156.40000000000146,156.40000000000146,[122.],[34.4],[156.4]
29267,[394],1,122.0,122.0,34.400000000001455,34.400000000001455,156.40000000000146,156.40000000000146,[122.],[34.4],[156.4]
29268,[394],1,122.0,122.0,34.400000000001455,34.400000000001455,156.40000000000146,156.40000000000146,[122.],[34.4],[156.4]
29269,[394],1,122.0,122.0,34.400000000001455,34.400000000001455,156.40000000000146,156.40000000000146,[122.],[34.4],[156.4]
29270,[394],1,122.0,122.0,34.400000000001455,34.400000000001455,156.40000000000146,156.40000000000146,[122.],[34.4],[156.4]
29271,[394],1,122.0,122.0,34.400000000001455,34.400000000001455,156.40000000000146,156.40000000000146,[122.],[34.4],[156.4]
29272,[394],1,122.0,122.0,34.400000000001455,34.400000000001455,156.40000000000146,156.40000000000146,[122.],[34.4],[156.4]
29273,[394],1,122.0,122.0,34.400000000001455,34.400000000001455,156.40000000000146,156.40000000000146,[122.],[34.4],[156.4]
29274,[394],1,122.0,122.0,34.400000000001455,34.400000000001455,156.40000000000146,156.40000000000146,[122.],[34.4],[156.4]
29275,[394],1,122.0,122.0,34.400000000001455,34.400000000001455,156.40000000000146,156.40000000000146,[122.],[34.4],[156.4]
29276,[394],1,122.0,122.0,34.400000000001455,34.400000000001455,156.40000000000146,156.40000000000146,[122.],[34.4],[156.4]
29277,[394],1,122.0,122.0,34.400000000001455,34.400000000001455,156.40000000000146,156.40000000000146,[122.],[34.4],[156.4]
29278,[394],1,122.0,122.0,34.400000000001455,34.400000000001455,156.40000000000146,156.40000000000146,[122.],[34.4],[156.4]
29279,[394],1,122.0,122.0,34.400000000001455,34.400000000001455,156.40000000000146,156.40000000000146,[122.],[34.4],[156.4]
29280,[394],1,122.0,122.0,34.400000000001455,34.400000000001455,156.40000000000146,156.40000000000146,[122.],[34.4],[156.4]
29281,[394],1,122.0,122.0,34.400000000001455,34.400000000001455,156.40000000000146,156.40000000000146,[122.],[34.4],[156.4]
29282,[394],1,122.0,122.0,34.400000000001455,34.400000000001455,156.40000000000146,156.40000000000146,[122.],[34.4],[156.4]
29283,[394],1,122.0,122.0,34.400000000001455,34.400000000001455,156.40000000000146,156.40000000000146,[122.],[34.4],[156.4]
29284,[394],1,122.0,122.0,34.400000000001455,34.400000000001455,156.40000000000146,156.40000000000146,[122.],[34.4],[156.4]
29285,[394],1,122.0,122.0,34.400000000001455,34.400000000001455,156.40000000000146,156.40000000000146,[122.],[34.4],[156.4]
29286,[394],1,122.0,122.0,34.400000000001455,34.400000000001455,156.40000000000146,156.40000000000146,[122.],[34.4],[156.4]
29287,[394],1,122.0,122.0,34.400000000001455,34.400000000001455,156.40000000000146,156.40000000000146,[122.],[34.4],[156.4]
29288,[394],1,122.0,122.0,34.400000000001455,34.400000000001455,156.40000000000146,156.40000000000146,[122.],[34.4],[156.4]
29289,[394],1,122.0,122.0,34.400000000001455,34.400000000001455,156.40000000000146,156.40000000000146,[122.],[34.4],[156.4]
29290,[394],1,122.0,122.0,34.400000000001455,34.400000000001455,156.40000000000146,156.40000000000146,[122.],[34.4],[156.4]
29291,[394],1,122.0,122.0,34.400000000001455,34.400000000001455,156.40000000000146,156.40000000000146,[122.],[34.4],[156.4]
29292,[394],1,122.0,122.0,34.400000000001455,34.400000000001455,156.40000000000146,156.40000000000146,[122.],[34.4],[156.4]
29293,[394],1,122.0,122.0,34.400000000001455,34.400000000001455,156.40000000000146,156.40000000000146,[122.],[34.4],[156.4]
29294,[394],1,122.0,122.0,34.400000000001455,34.400000000001455,156.40000000000146,156.40000000000146,[122.],[34.4],[156.4]
29295,[394],1,122.0,122.0,34.400000000001455,34.400000000001455,156.40000000000146,156.40000000000146,[122.],[34.4],[156.4]
29296,[394],1,122.0,122.0,34.400000000001455,34.400000000001455,156.40000000000146,156.40000000000146,[122.],[34.4],[156.4]
29297,[394],1,122.0,122.0,34.400000000001455,34.400000000001455,156.40000000000146,156.40000000000146,[122.],[34.4],[156.4]
29298,[394],1,122.0,122.0,34.400000000001455,34.400000000001455,156.40000000000146,156.40000000000146,[122.],[34.4],[156.4]
29299,[394],1,122.0,122.0,34.400000000001455,34.400000000001455,156.40000000000146,156.40000000000146,[122.],[34.4],[156.4]
29300,[394],1,122.0,122.0,34.400000000001455,34.400000000001455,156.40000000000146,156.40000000000146,[122.],[34.4],[156.4]
29301,[394],1,122.0,122.0,34.400000000001455,34.400000000001455,156.40000000000146,156.40000000000146,[122.],[34.4],[156.4]
29302,[394],1,122.0,122.0,34.400000000001455,34.400000000001455,156.40000000000146,156.40000000000146,[122.],[34.4],[156.4]
29303,[394],1,122.0,122.0,34.400000000001455,34.400000000001455,156.40000000000146,156.40000000000146,[122.],[34.4],[156.4]
29304,[394],1,122.0,122.0,34.400000000001455,34.400000000001455,156.40000000000146,156.40000000000146,[122.],[34.4],[156.4]
29305,[394],1,122.0,122.0,34.400000000001455,34.400000000001455,156.40000000000146,156.40000000000146,[122.],[34.4],[156.4]
29306,[394],1,122.0,122.0,34.400000000001455,34.400000000001455,156.40000000000146,156.40000000000146,[122.],[34.4],[156.4]
29307,[394],1,122.0,122.0,34.400000000001455,34.400000000001455,156.40000000000146,156.40000000000146,[122.],[34.4],[156.4]
29308,[394],1,122.0,122.0,34.400000000001455,34.400000000001455,156.40000000000146,156.40000000000146,[122.],[34.4],[156.4]
29309,[394],1,122.0,122.0,34.400000000001455,34.400000000001455,156.40000000000146,156.40000000000146,[122.],[34.4],[156.4]
29310,[394],1,122.0,122.0,34.400000000001455,34.400000000001455,156.40000000000146,156.40000000000146,[122.],[34.4],[156.4]
29311,[394],1,122.0,122.0,34.400000000001455,34.400000000001455,156.40000000000146,156.40000000000146,[122.],[34.4],[156.4]
29312,[394],1,122.0,122.0,34.400000000001455,34.400000000001455,156.40000000000146,156.40000000000146,[122.],[34.4],[156.4]
29313,[394],1,122.0,122.0,34.400000000001455,34.400000000001455,156.40000000000146,156.40000000000146,[122.],[34.4],[156.4]
29314,[394],1,122.0,122.0,34.400000000001455,34.400000000001455,156.40000000000146,156.40000000000146,[122.],[34.4],[156.4]
29315,[394],1,122.0,122.0,34.400000000001455,34.400000000001455,156.40000000000146,156.40000000000146,[122.],[34.4],[156.4]
29316,[394],1,122.0,122.0,34.400000000001455,34.400000000001455,156.40000000000146,156.40000000000146,[122.],[34.4],[156.4]
29317,[394],1,122.0,122.0,34.400000000001455,34.400000000001455,156.40000000000146,156.40000000000146,[122.],[34.4],[156.4]
29318,[394],1,122.0,122.0,34.400000000001455,34.400000000001455,156.40000000000146,156.40000000000146,[122.],[34.4],[156.4]
29319,[394],1,122.0,122.0,34.400000000001455,34.400000000001455,156.40000000000146,156.40000000000146,[122.],[34.4],[156.4]
29320,[394],1,122.0,122.0,34.400000000001455,34.400000000001455,156.40000000000146,156.40000000000146,[122.],[34.4],[156.4]
29321,[394],1,122.0,122.0,34.400000000001455,34.400000000001455,156.40000000000146,156.40000000000146,[122.],[34.4],[156.4]
29322,[394 460],2,101.0,122.0,32.95000000000073,34.400000000001455,133.95000000000073,156.40000000000146,[122.  80.],[34.4 31.5],[156.4 111.5]
29323,[394 460],2,101.0,122.0,32.95000000000073,34.400000000001455,133.95000000000073,156.40000000000146,[122.  80.],[34.4 31.5],[156.4 111.5]
29324,[394 460],2,101.0,122.0,32.95000000000073,34.400000000001455,133.95000000000073,156.40000000000146,[122.  80.],[34.4 31.5],[156.4 111.5]
29325,[394 460],2,101.0,122.0,32.95000000000073,34.400000000001455,133.95000000000073,156.40000000000146,[122.  80.],[34.4 31.5],[156.4 111.5]
29326,[394 460],2,101.0,122.0,32.95000000000073,34.400000000001455,133.95000000000073,156.40000000000146,[122.  80.],[34.4 31.5],[156.4 111.5]
29327,[394 460],2,101.0,122.0,32.95000000000073,34.400000000001455,133.95000000000073,156.40000000000146,[122.  80.],[34.4 31.5],[156.4 111.5]
29328,[394 460],2,101.0,122.0,32.95000000000073,34.400000000001455,133.95000000000073,156.40000000000146,[122.  80.],[34.4 31.5],[156.4 111.5]
29329,[394 460],2,101.0,122.0,32.95000000000073,34.400000000001455,133.95000000000073,156.40000000000146,[122.  80.],[34.4 31.5],[156.4 111.5]
29330,[394 460],2,101.0,122.0,32.95000000000073,34.400000000001455,133.95000000000073,156.40000000000146,[122.  80.],[34.4 31.5],[156.4 111.5]
29331,[394 460],2,101.0,122.0,32.95000000000073,34.400000000001455,133.95000000000073,156.40000000000146,[122.  80.],[34.4 31.5],[156.4 111.5]
29332,[394 460],2,101.0,122.0,32.95000000000073,34.400000000001455,133.95000000000073,156.40000000000146,[122.  80.],[34.4 31.5],[156.4 111.5]
29333,[394 460],2,101.0,122.0,32.95000000000073,34.400000000001455,133.95000000000073,156.40000000000146,[122.  80.],[34.4 31.5],[156.4 111.5]
29334,[394 460],2,101.0,122.0,32.95000000000073,34.400000000001455,133.95000000000073,156.40000000000146,[122.  80.],[34.4 31.5],[156.4 111.5]
29335,[394 460],2,101.0,122.0,32.95000000000073,34.400000000001455,133.95000000000073,156.40000000000146,[122.  80.],[34.4 31.5],[156.4 111.5]
29336,[394 460],2,101.0,122.0,32.95000000000073,34.400000000001455,133.95000000000073,156.40000000000146,[122.  80.],[34.4 31.5],[156.4 111.5]
29337,[394 460],2,101.0,122.0,32.95000000000073,34.400000000001455,133.95000000000073,156.40000000000146,[122.  80.],[34.4 31.5],[156.4 111.5]
29338,[394 460],2,101.0,122.0,32.95000000000073,34.400000000001455,133.95000000000073,156.40000000000146,[122.  80.],[34.4 31.5],[156.4 111.5]
29339,[394 460],2,101.0,122.0,32.95000000000073,34.400000000001455,133.95000000000073,156.40000000000146,[122.  80.],[34.4 31.5],[156.4 111.5]
29340,[394 460],2,101.0,122.0,32.95000000000073,34.400000000001455,133.95000000000073,156.40000000000146,[122.  80.],[34.4 31.5],[156.4 111.5]
29341,[394 460],2,101.0,122.0,32.95000000000073,34.400000000001455,133.95000000000073,156.40000000000146,[122.  80.],[34.4 31.5],[156.4 111.5]
29342,[394 460],2,101.0,122.0,32.95000000000073,34.400000000001455,133.95000000000073,156.40000000000146,[122.  80.],[34.4 31.5],[156.4 111.5]
29343,[394 460],2,101.0,122.0,32.95000000000073,34.400000000001455,133.95000000000073,156.40000000000146,[122.  80.],[34.4 31.5],[156.4 111.5]
29344,[394 460],2,101.0,122.0,32.95000000000073,34.400000000001455,133.95000000000073,156.40000000000146,[122.  80.],[34.4 31.5],[156.4 111.5]
29345,[394 460],2,101.0,122.0,32.95000000000073,34.400000000001455,133.95000000000073,156.40000000000146,[122.  80.],[34.4 31.5],[156.4 111.5]
29346,[394 460],2,101.0,122.0,32.95000000000073,34.400000000001455,133.95000000000073,156.40000000000146,[122.  80.],[34.4 31.5],[156.4 111.5]
29347,[394 460],2,101.0,122.0,32.95000000000073,34.400000000001455,133.95000000000073,156.40000000000146,[122.  80.],[34.4 31.5],[156.4 111.5]
29348,[394 460],2,101.0,122.0,32.95000000000073,34.400000000001455,133.95000000000073,156.40000000000146,[122.  80.],[34.4 31.5],[156.4 111.5]
29349,[394 460],2,101.0,122.0,32.95000000000073,34.400000000001455,133.95000000000073,156.40000000000146,[122.  80.],[34.4 31.5],[156.4 111.5]
29350,[394 460],2,101.0,122.0,32.95000000000073,34.400000000001455,133.95000000000073,156.40000000000146,[122.  80.],[34.4 31.5],[156.4 111.5]
29351,[394 460],2,101.0,122.0,32.95000000000073,34.400000000001455,133.95000000000073,156.40000000000146,[122.  80.],[34.4 31.5],[156.4 111.5]
29352,[394 460],2,101.0,122.0,32.95000000000073,34.400000000001455,133.95000000000073,156.40000000000146,[122.  80.],[34.4 31.5],[156.4 111.5]
29353,[394 460],2,101.0,122.0,32.95000000000073,34.400000000001455,133.95000000000073,156.40000000000146,[122.  80.],[34.4 31.5],[156.4 111.5]
29354,[394 460],2,101.0,122.0,32.95000000000073,34.400000000001455,133.95000000000073,156.40000000000146,[122.  80.],[34.4 31.5],[156.4 111.5]
29355,[394 460 486],3,71.96666666666715,122.0,32.133333333333816,34.400000000001455,104.10000000000097,156.40000000000146,[122.   80.   13.9],[34.4 31.5 30.5],[156.4 111.5  44.4]
29356,[394 460 486],3,71.96666666666715,122.0,32.133333333333816,34.400000000001455,104.10000000000097,156.40000000000146,[122.   80.   13.9],[34.4 31.5 30.5],[156.4 111.5  44.4]
29357,[394 460 486],3,71.96666666666715,122.0,32.133333333333816,34.400000000001455,104.10000000000097,156.40000000000146,[122.   80.   13.9],[34.4 31.5 30.5],[156.4 111.5  44.4]
29358,[394 460 486],3,71.96666666666715,122.0,32.133333333333816,34.400000000001455,104.10000000000097,156.40000000000146,[122.   80.   13.9],[34.4 31.5 30.5],[156.4 111.5  44.4]
29359,[394 460 486],3,71.96666666666715,122.0,32.133333333333816,34.400000000001455,104.10000000000097,156.40000000000146,[122.   80.   13.9],[34.4 31.5 30.5],[156.4 111.5  44.4]
29360,[394 460 486],3,71.96666666666715,122.0,32.133333333333816,34.400000000001455,104.10000000000097,156.40000000000146,[122.   80.   13.9],[34.4 31.5 30.5],[156.4 111.5  44.4]
29361,[394 460 486],3,71.96666666666715,122.0,32.133333333333816,34.400000000001455,104.10000000000097,156.40000000000146,[122.   80.   13.9],[34.4 31.5 30.5],[156.4 111.5  44.4]
29362,[394 460 486],3,71.96666666666715,122.0,32.133333333333816,34.400000000001455,104.10000000000097,156.40000000000146,[122.   80.   13.9],[34.4 31.5 30.5],[156.4 111.5  44.4]
29363,[394 460 486],3,71.96666666666715,122.0,32.133333333333816,34.400000000001455,104.10000000000097,156.40000000000146,[122.   80.   13.9],[34.4 31.5 30.5],[156.4 111.5  44.4]
29364,[394 460 486],3,71.96666666666715,122.0,32.133333333333816,34.400000000001455,104.10000000000097,156.40000000000146,[122.   80.   13.9],[34.4 31.5 30.5],[156.4 111.5  44.4]
29365,[394 460 486],3,71.96666666666715,122.0,32.133333333333816,34.400000000001455,104.10000000000097,156.40000000000146,[122.   80.   13.9],[34.4 31.5 30.5],[156.4 111.5  44.4]
29366,[394 460 486],3,71.96666666666715,122.0,32.133333333333816,34.400000000001455,104.10000000000097,156.40000000000146,[122.   80.   13.9],[34.4 31.5 30.5],[156.4 111.5  44.4]
29367,[394 460 486],3,71.96666666666715,122.0,32.133333333333816,34.400000000001455,104.10000000000097,156.40000000000146,[122.   80.   13.9],[34.4 31.5 30.5],[156.4 111.5  44.4]
29368,[394 460 486],3,71.96666666666715,122.0,32.133333333333816,34.400000000001455,104.10000000000097,156.40000000000146,[122.   80.   13.9],[34.4 31.5 30.5],[156.4 111.5  44.4]
29369,[394 460],2,101.0,122.0,32.95000000000073,34.400000000001455,133.95000000000073,156.40000000000146,[122.  80.],[34.4 31.5],[156.4 111.5]
29370,[394 460],2,101.0,122.0,32.95000000000073,34.400000000001455,133.95000000000073,156.40000000000146,[122.  80.],[34.4 31.5],[156.4 111.5]
29371,[394 460],2,101.0,122.0,32.95000000000073,34.400000000001455,133.95000000000073,156.40000000000146,[122.  80.],[34.4 31.5],[156.4 111.5]
29372,[394 460],2,101.0,122.0,32.95000000000073,34.400000000001455,133.95000000000073,156.40000000000146,[122.  80.],[34.4 31.5],[156.4 111.5]
29373,[394 460],2,101.0,122.0,32.95000000000073,34.400000000001455,133.95000000000073,156.40000000000146,[122.  80.],[34.4 31.5],[156.4 111.5]
29374,[394 460],2,101.0,122.0,32.95000000000073,34.400000000001455,133.95000000000073,156.40000000000146,[122.  80.],[34.4 31.5],[156.4 111.5]
29375,[394 460],2,101.0,122.0,32.95000000000073,34.400000000001455,133.95000000000073,156.40000000000146,[122.  80.],[34.4 31.5],[156.4 111.5]
29376,[394 460],2,101.0,122.0,32.95000000000073,34.400000000001455,133.95000000000073,156.40000000000146,[122.  80.],[34.4 31.5],[156.4 111.5]
29377,[394 460],2,101.0,122.0,32.95000000000073,34.400000000001455,133.95000000000073,156.40000000000146,[122.  80.],[34.4 31.5],[156.4 111.5]
29378,[394 460],2,101.0,122.0,32.95000000000073,34.400000000001455,133.95000000000073,156.40000000000146,[122.  80.],[34.4 31.5],[156.4 111.5]
29379,[394 460],2,101.0,122.0,32.95000000000073,34.400000000001455,133.95000000000073,156.40000000000146,[122.  80.],[34.4 31.5],[156.4 111.5]
29380,[394 460],2,101.0,122.0,32.95000000000073,34.400000000001455,133.95000000000073,156.40000000000146,[122.  80.],[34.4 31.5],[156.4 111.5]
29381,[394 460],2,101.0,122.0,32.95000000000073,34.400000000001455,133.95000000000073,156.40000000000146,[122.  80.],[34.4 31.5],[156.4 111.5]
29382,[394 460],2,101.0,122.0,32.95000000000073,34.400000000001455,133.95000000000073,156.40000000000146,[122.  80.],[34.4 31.5],[156.4 111.5]
29383,[394 460],2,101.0,122.0,32.95000000000073,34.400000000001455,133.95000000000073,156.40000000000146,[122.  80.],[34.4 31.5],[156.4 111.5]
29384,[460],1,80.0,80.0,31.5,31.5,111.5,111.5,[80.],[31.5],[111.5]
29385,[460],1,80.0,80.0,31.5,31.5,111.5,111.5,[80.],[31.5],[111.5]
29386,[460],1,80.0,80.0,31.5,31.5,111.5,111.5,[80.],[31.5],[111.5]
29387,[460],1,80.0,80.0,31.5,31.5,111.5,111.5,[80.],[31.5],[111.5]
29388,[460],1,80.0,80.0,31.5,31.5,111.5,111.5,[80.],[31.5],[111.5]
29389,[460],1,80.0,80.0,31.5,31.5,111.5,111.5,[80.],[31.5],[111.5]
29390,[460],1,80.0,80.0,31.5,31.5,111.5,111.5,[80.],[31.5],[111.5]
29391,[460],1,80.0,80.0,31.5,31.5,111.5,111.5,[80.],[31.5],[111.5]
29392,[460],1,80.0,80.0,31.5,31.5,111.5,111.5,[80.],[31.5],[111.5]
29393,[460],1,80.0,80.0,31.5,31.5,111.5,111.5,[80.],[31.5],[111.5]
29394,[460],1,80.0,80.0,31.5,31.5,111.5,111.5,[80.],[31.5],[111.5]
29395,[460],1,80.0,80.0,31.5,31.5,111.5,111.5,[80.],[31.5],[111.5]
29396,[460 527],2,125.04999999999927,170.09999999999854,31.700000000000728,31.900000000001455,156.75,202.0,[ 80.  170.1],[31.5 31.9],[111.5 202. ]
29397,[460 527],2,125.04999999999927,170.09999999999854,31.700000000000728,31.900000000001455,156.75,202.0,[ 80.  170.1],[31.5 31.9],[111.5 202. ]
29398,[460 527],2,125.04999999999927,170.09999999999854,31.700000000000728,31.900000000001455,156.75,202.0,[ 80.  170.1],[31.5 31.9],[111.5 202. ]
29399,[460 527],2,125.04999999999927,170.09999999999854,31.700000000000728,31.900000000001455,156.75,202.0,[ 80.  170.1],[31.5 31.9],[111.5 202. ]
29400,[460 527],2,125.04999999999927,170.09999999999854,31.700000000000728,31.900000000001455,156.75,202.0,[ 80.  170.1],[31.5 31.9],[111.5 202. ]
29401,[460 527],2,125.04999999999927,170.09999999999854,31.700000000000728,31.900000000001455,156.75,202.0,[ 80.  170.1],[31.5 31.9],[111.5 202. ]
29402,[460 527],2,125.04999999999927,170.09999999999854,31.700000000000728,31.900000000001455,156.75,202.0,[ 80.  170.1],[31.5 31.9],[111.5 202. ]
29403,[527],1,170.09999999999854,170.09999999999854,31.900000000001455,31.900000000001455,202.0,202.0,[170.1],[31.9],[202.]
29404,[527],1,170.09999999999854,170.09999999999854,31.900000000001455,31.900000000001455,202.0,202.0,[170.1],[31.9],[202.]
29405,[527],1,170.09999999999854,170.09999999999854,31.900000000001455,31.900000000001455,202.0,202.0,[170.1],[31.9],[202.]
29406,[527],1,170.09999999999854,170.09999999999854,31.900000000001455,31.900000000001455,202.0,202.0,[170.1],[31.9],[202.]
29407,[527],1,170.09999999999854,170.09999999999854,31.900000000001455,31.900000000001455,202.0,202.0,[170.1],[31.9],[202.]
29408,[527],1,170.09999999999854,170.09999999999854,31.900000000001455,31.900000000001455,202.0,202.0,[170.1],[31.9],[202.]
29409,[527],1,170.09999999999854,170.09999999999854,31.900000000001455,31.900000000001455,202.0,202.0,[170.1],[31.9],[202.]
29410,[527],1,170.09999999999854,170.09999999999854,31.900000000001455,31.900000000001455,202.0,202.0,[170.1],[31.9],[202.]
29411,[527],1,170.09999999999854,170.09999999999854,31.900000000001455,31.900000000001455,202.0,202.0,[170.1],[31.9],[202.]
29412,[527],1,170.09999999999854,170.09999999999854,31.900000000001455,31.900000000001455,202.0,202.0,[170.1],[31.9],[202.]
29413,[527],1,170.09999999999854,170.09999999999854,31.900000000001455,31.900000000001455,202.0,202.0,[170.1],[31.9],[202.]
29414,[527],1,170.09999999999854,170.09999999999854,31.900000000001455,31.900000000001455,202.0,202.0,[170.1],[31.9],[202.]
29415,[527],1,170.09999999999854,170.09999999999854,31.900000000001455,31.900000000001455,202.0,202.0,[170.1],[31.9],[202.]
29416,[527],1,170.09999999999854,170.09999999999854,31.900000000001455,31.900000000001455,202.0,202.0,[170.1],[31.9],[202.]
29417,[527],1,170.09999999999854,170.09999999999854,31.900000000001455,31.900000000001455,202.0,202.0,[170.1],[31.9],[202.]
29418,[527],1,170.09999999999854,170.09999999999854,31.900000000001455,31.900000000001455,202.0,202.0,[170.1],[31.9],[202.]
29419,[527],1,170.09999999999854,170.09999999999854,31.900000000001455,31.900000000001455,202.0,202.0,[170.1],[31.9],[202.]
29420,[527],1,170.09999999999854,170.09999999999854,31.900000000001455,31.900000000001455,202.0,202.0,[170.1],[31.9],[202.]
29421,[527],1,170.09999999999854,170.09999999999854,31.900000000001455,31.900000000001455,202.0,202.0,[170.1],[31.9],[202.]
29422,[527],1,170.09999999999854,170.09999999999854,31.900000000001455,31.900000000001455,202.0,202.0,[170.1],[31.9],[202.]
29423,[527],1,170.09999999999854,170.09999999999854,31.900000000001455,31.900000000001455,202.0,202.0,[170.1],[31.9],[202.]
29424,[527],1,170.09999999999854,170.09999999999854,31.900000000001455,31.900000000001455,202.0,202.0,[170.1],[31.9],[202.]
29425,[527 567],2,121.5,170.09999999999854,30.100000000000364,31.900000000001455,151.60000000000036,202.0,[170.1  72.9],[31.9 28.3],[202.  101.2]
29426,[527 567],2,121.5,170.09999999999854,30.100000000000364,31.900000000001455,151.60000000000036,202.0,[170.1  72.9],[31.9 28.3],[202.  101.2]
29427,[527 567],2,121.5,170.09999999999854,30.100000000000364,31.900000000001455,151.60000000000036,202.0,[170.1  72.9],[31.9 28.3],[202.  101.2]
29428,[527 567],2,121.5,170.09999999999854,30.100000000000364,31.900000000001455,151.60000000000036,202.0,[170.1  72.9],[31.9 28.3],[202.  101.2]
29429,[527 567],2,121.5,170.09999999999854,30.100000000000364,31.900000000001455,151.60000000000036,202.0,[170.1  72.9],[31.9 28.3],[202.  101.2]
29430,[527 567],2,121.5,170.09999999999854,30.100000000000364,31.900000000001455,151.60000000000036,202.0,[170.1  72.9],[31.9 28.3],[202.  101.2]
29431,[527 567],2,121.5,170.09999999999854,30.100000000000364,31.900000000001455,151.60000000000036,202.0,[170.1  72.9],[31.9 28.3],[202.  101.2]
29432,[527 567],2,121.5,170.09999999999854,30.100000000000364,31.900000000001455,151.60000000000036,202.0,[170.1  72.9],[31.9 28.3],[202.  101.2]
29433,[527 567],2,121.5,170.09999999999854,30.100000000000364,31.900000000001455,151.60000000000036,202.0,[170.1  72.9],[31.9 28.3],[202.  101.2]
29434,[527 567 574],3,102.30000000000048,170.09999999999854,29.5,31.900000000001455,131.8000000000005,202.0,[170.1  72.9  63.9],[31.9 28.3 28.3],[202.  101.2  92.2]
29435,[527 567 574],3,102.30000000000048,170.09999999999854,29.5,31.900000000001455,131.8000000000005,202.0,[170.1  72.9  63.9],[31.9 28.3 28.3],[202.  101.2  92.2]
29436,[527 567 574],3,102.30000000000048,170.09999999999854,29.5,31.900000000001455,131.8000000000005,202.0,[170.1  72.9  63.9],[31.9 28.3 28.3],[202.  101.2  92.2]
29437,[527 567 574],3,102.30000000000048,170.09999999999854,29.5,31.900000000001455,131.8000000000005,202.0,[170.1  72.9  63.9],[31.9 28.3 28.3],[202.  101.2  92.2]
29438,[527 567 574],3,102.30000000000048,170.09999999999854,29.5,31.900000000001455,131.8000000000005,202.0,[170.1  72.9  63.9],[31.9 28.3 28.3],[202.  101.2  92.2]
29439,[527 567 574],3,102.30000000000048,170.09999999999854,29.5,31.900000000001455,131.8000000000005,202.0,[170.1  72.9  63.9],[31.9 28.3 28.3],[202.  101.2  92.2]
29440,[527 567 574],3,102.30000000000048,170.09999999999854,29.5,31.900000000001455,131.8000000000005,202.0,[170.1  72.9  63.9],[31.9 28.3 28.3],[202.  101.2  92.2]
29441,[527 567 574],3,102.30000000000048,170.09999999999854,29.5,31.900000000001455,131.8000000000005,202.0,[170.1  72.9  63.9],[31.9 28.3 28.3],[202.  101.2  92.2]
29442,[527 567 574],3,102.30000000000048,170.09999999999854,29.5,31.900000000001455,131.8000000000005,202.0,[170.1  72.9  63.9],[31.9 28.3 28.3],[202.  101.2  92.2]
29443,[527 567 574],3,102.30000000000048,170.09999999999854,29.5,31.900000000001455,131.8000000000005,202.0,[170.1  72.9  63.9],[31.9 28.3 28.3],[202.  101.2  92.2]
29444,[527 567 574],3,102.30000000000048,170.09999999999854,29.5,31.900000000001455,131.8000000000005,202.0,[170.1  72.9  63.9],[31.9 28.3 28.3],[202.  101.2  92.2]
29445,[527 567 574],3,102.30000000000048,170.09999999999854,29.5,31.900000000001455,131.8000000000005,202.0,[170.1  72.9  63.9],[31.9 28.3 28.3],[202.  101.2  92.2]
29446,[527 567 574],3,102.30000000000048,170.09999999999854,29.5,31.900000000001455,131.8000000000005,202.0,[170.1  72.9  63.9],[31.9 28.3 28.3],[202.  101.2  92.2]
29447,[527 567 574],3,102.30000000000048,170.09999999999854,29.5,31.900000000001455,131.8000000000005,202.0,[170.1  72.9  63.9],[31.9 28.3 28.3],[202.  101.2  92.2]
29448,[527 567 574],3,102.30000000000048,170.09999999999854,29.5,31.900000000001455,131.8000000000005,202.0,[170.1  72.9  63.9],[31.9 28.3 28.3],[202.  101.2  92.2]
29449,[527 567 574],3,102.30000000000048,170.09999999999854,29.5,31.900000000001455,131.8000000000005,202.0,[170.1  72.9  63.9],[31.9 28.3 28.3],[202.  101.2  92.2]
29450,[527 567 574],3,102.30000000000048,170.09999999999854,29.5,31.900000000001455,131.8000000000005,202.0,[170.1  72.9  63.9],[31.9 28.3 28.3],[202.  101.2  92.2]
29451,[527 567 574],3,102.30000000000048,170.09999999999854,29.5,31.900000000001455,131.8000000000005,202.0,[170.1  72.9  63.9],[31.9 28.3 28.3],[202.  101.2  92.2]
29452,[527 567 574],3,102.30000000000048,170.09999999999854,29.5,31.900000000001455,131.8000000000005,202.0,[170.1  72.9  63.9],[31.9 28.3 28.3],[202.  101.2  92.2]
29453,[527 567 574],3,102.30000000000048,170.09999999999854,29.5,31.900000000001455,131.8000000000005,202.0,[170.1  72.9  63.9],[31.9 28.3 28.3],[202.  101.2  92.2]
29454,[527 567 574],3,102.30000000000048,170.09999999999854,29.5,31.900000000001455,131.8000000000005,202.0,[170.1  72.9  63.9],[31.9 28.3 28.3],[202.  101.2  92.2]
29455,[527 567 574],3,102.30000000000048,170.09999999999854,29.5,31.900000000001455,131.8000000000005,202.0,[170.1  72.9  63.9],[31.9 28.3 28.3],[202.  101.2  92.2]
29456,[527 567 574],3,102.30000000000048,170.09999999999854,29.5,31.900000000001455,131.8000000000005,202.0,[170.1  72.9  63.9],[31.9 28.3 28.3],[202.  101.2  92.2]
29457,[527 567 574],3,102.30000000000048,170.09999999999854,29.5,31.900000000001455,131.8000000000005,202.0,[170.1  72.9  63.9],[31.9 28.3 28.3],[202.  101.2  92.2]
29458,[527 567 574],3,102.30000000000048,170.09999999999854,29.5,31.900000000001455,131.8000000000005,202.0,[170.1  72.9  63.9],[31.9 28.3 28.3],[202.  101.2  92.2]
29459,[527 567 574],3,102.30000000000048,170.09999999999854,29.5,31.900000000001455,131.8000000000005,202.0,[170.1  72.9  63.9],[31.9 28.3 28.3],[202.  101.2  92.2]
29460,[527 567 574],3,102.30000000000048,170.09999999999854,29.5,31.900000000001455,131.8000000000005,202.0,[170.1  72.9  63.9],[31.9 28.3 28.3],[202.  101.2  92.2]
29461,[527 567 574],3,102.30000000000048,170.09999999999854,29.5,31.900000000001455,131.8000000000005,202.0,[170.1  72.9  63.9],[31.9 28.3 28.3],[202.  101.2  92.2]
29462,[527 567 574],3,102.30000000000048,170.09999999999854,29.5,31.900000000001455,131.8000000000005,202.0,[170.1  72.9  63.9],[31.9 28.3 28.3],[202.  101.2  92.2]
29463,[527 567 574],3,102.30000000000048,170.09999999999854,29.5,31.900000000001455,131.8000000000005,202.0,[170.1  72.9  63.9],[31.9 28.3 28.3],[202.  101.2  92.2]
29464,[527 567 574],3,102.30000000000048,170.09999999999854,29.5,31.900000000001455,131.8000000000005,202.0,[170.1  72.9  63.9],[31.9 28.3 28.3],[202.  101.2  92.2]
29465,[527 567 574],3,102.30000000000048,170.09999999999854,29.5,31.900000000001455,131.8000000000005,202.0,[170.1  72.9  63.9],[31.9 28.3 28.3],[202.  101.2  92.2]
29466,[527 567 574],3,102.30000000000048,170.09999999999854,29.5,31.900000000001455,131.8000000000005,202.0,[170.1  72.9  63.9],[31.9 28.3 28.3],[202.  101.2  92.2]
29467,[527 567 574],3,102.30000000000048,170.09999999999854,29.5,31.900000000001455,131.8000000000005,202.0,[170.1  72.9  63.9],[31.9 28.3 28.3],[202.  101.2  92.2]
29468,[527 567 574],3,102.30000000000048,170.09999999999854,29.5,31.900000000001455,131.8000000000005,202.0,[170.1  72.9  63.9],[31.9 28.3 28.3],[202.  101.2  92.2]
29469,[527 567 574],3,102.30000000000048,170.09999999999854,29.5,31.900000000001455,131.8000000000005,202.0,[170.1  72.9  63.9],[31.9 28.3 28.3],[202.  101.2  92.2]
29470,[527 567 574],3,102.30000000000048,170.09999999999854,29.5,31.900000000001455,131.8000000000005,202.0,[170.1  72.9  63.9],[31.9 28.3 28.3],[202.  101.2  92.2]
29471,[527 567 574],3,102.30000000000048,170.09999999999854,29.5,31.900000000001455,131.8000000000005,202.0,[170.1  72.9  63.9],[31.9 28.3 28.3],[202.  101.2  92.2]
29472,[527 567 574],3,102.30000000000048,170.09999999999854,29.5,31.900000000001455,131.8000000000005,202.0,[170.1  72.9  63.9],[31.9 28.3 28.3],[202.  101.2  92.2]
29473,[527 567 574],3,102.30000000000048,170.09999999999854,29.5,31.900000000001455,131.8000000000005,202.0,[170.1  72.9  63.9],[31.9 28.3 28.3],[202.  101.2  92.2]
29474,[527 567 574],3,102.30000000000048,170.09999999999854,29.5,31.900000000001455,131.8000000000005,202.0,[170.1  72.9  63.9],[31.9 28.3 28.3],[202.  101.2  92.2]
29475,[527 567 574],3,102.30000000000048,170.09999999999854,29.5,31.900000000001455,131.8000000000005,202.0,[170.1  72.9  63.9],[31.9 28.3 28.3],[202.  101.2  92.2]
29476,[527 567 574],3,102.30000000000048,170.09999999999854,29.5,31.900000000001455,131.8000000000005,202.0,[170.1  72.9  63.9],[31.9 28.3 28.3],[202.  101.2  92.2]
29477,[527 567 574],3,102.30000000000048,170.09999999999854,29.5,31.900000000001455,131.8000000000005,202.0,[170.1  72.9  63.9],[31.9 28.3 28.3],[202.  101.2  92.2]
29478,[527 567 574],3,102.30000000000048,170.09999999999854,29.5,31.900000000001455,131.8000000000005,202.0,[170.1  72.9  63.9],[31.9 28.3 28.3],[202.  101.2  92.2]
29479,[527 567 574],3,102.30000000000048,170.09999999999854,29.5,31.900000000001455,131.8000000000005,202.0,[170.1  72.9  63.9],[31.9 28.3 28.3],[202.  101.2  92.2]
29480,[527 567 574],3,102.30000000000048,170.09999999999854,29.5,31.900000000001455,131.8000000000005,202.0,[170.1  72.9  63.9],[31.9 28.3 28.3],[202.  101.2  92.2]
29481,[527 567 574],3,102.30000000000048,170.09999999999854,29.5,31.900000000001455,131.8000000000005,202.0,[170.1  72.9  63.9],[31.9 28.3 28.3],[202.  101.2  92.2]
29482,[527 567 574],3,102.30000000000048,170.09999999999854,29.5,31.900000000001455,131.8000000000005,202.0,[170.1  72.9  63.9],[31.9 28.3 28.3],[202.  101.2  92.2]
29483,[527 567 574],3,102.30000000000048,170.09999999999854,29.5,31.900000000001455,131.8000000000005,202.0,[170.1  72.9  63.9],[31.9 28.3 28.3],[202.  101.2  92.2]
29484,[527 567 574],3,102.30000000000048,170.09999999999854,29.5,31.900000000001455,131.8000000000005,202.0,[170.1  72.9  63.9],[31.9 28.3 28.3],[202.  101.2  92.2]
29485,[527 567 574],3,102.30000000000048,170.09999999999854,29.5,31.900000000001455,131.8000000000005,202.0,[170.1  72.9  63.9],[31.9 28.3 28.3],[202.  101.2  92.2]
29486,[527 567 574],3,102.30000000000048,170.09999999999854,29.5,31.900000000001455,131.8000000000005,202.0,[170.1  72.9  63.9],[31.9 28.3 28.3],[202.  101.2  92.2]
29487,[527 567 574],3,102.30000000000048,170.09999999999854,29.5,31.900000000001455,131.8000000000005,202.0,[170.1  72.9  63.9],[31.9 28.3 28.3],[202.  101.2  92.2]
29488,[527 567 574],3,102.30000000000048,170.09999999999854,29.5,31.900000000001455,131.8000000000005,202.0,[170.1  72.9  63.9],[31.9 28.3 28.3],[202.  101.2  92.2]
29489,[527 567 574],3,102.30000000000048,170.09999999999854,29.5,31.900000000001455,131.8000000000005,202.0,[170.1  72.9  63.9],[31.9 28.3 28.3],[202.  101.2  92.2]
29490,[527 567 574],3,102.30000000000048,170.09999999999854,29.5,31.900000000001455,131.8000000000005,202.0,[170.1  72.9  63.9],[31.9 28.3 28.3],[202.  101.2  92.2]
29491,[527 567 574],3,102.30000000000048,170.09999999999854,29.5,31.900000000001455,131.8000000000005,202.0,[170.1  72.9  63.9],[31.9 28.3 28.3],[202.  101.2  92.2]
29492,[527 567 574],3,102.30000000000048,170.09999999999854,29.5,31.900000000001455,131.8000000000005,202.0,[170.1  72.9  63.9],[31.9 28.3 28.3],[202.  101.2  92.2]
29493,[527 567 574],3,102.30000000000048,170.09999999999854,29.5,31.900000000001455,131.8000000000005,202.0,[170.1  72.9  63.9],[31.9 28.3 28.3],[202.  101.2  92.2]
29494,[527 567 574],3,102.30000000000048,170.09999999999854,29.5,31.900000000001455,131.8000000000005,202.0,[170.1  72.9  63.9],[31.9 28.3 28.3],[202.  101.2  92.2]
29495,[527 567 574],3,102.30000000000048,170.09999999999854,29.5,31.900000000001455,131.8000000000005,202.0,[170.1  72.9  63.9],[31.9 28.3 28.3],[202.  101.2  92.2]
29496,[527 567 574],3,102.30000000000048,170.09999999999854,29.5,31.900000000001455,131.8000000000005,202.0,[170.1  72.9  63.9],[31.9 28.3 28.3],[202.  101.2  92.2]
29497,[527 567 574],3,102.30000000000048,170.09999999999854,29.5,31.900000000001455,131.8000000000005,202.0,[170.1  72.9  63.9],[31.9 28.3 28.3],[202.  101.2  92.2]
29498,[527],1,170.09999999999854,170.09999999999854,31.900000000001455,31.900000000001455,202.0,202.0,[170.1],[31.9],[202.]
29499,[527],1,170.09999999999854,170.09999999999854,31.900000000001455,31.900000000001455,202.0,202.0,[170.1],[31.9],[202.]
29500,[527],1,170.09999999999854,170.09999999999854,31.900000000001455,31.900000000001455,202.0,202.0,[170.1],[31.9],[202.]
29501,[527],1,170.09999999999854,170.09999999999854,31.900000000001455,31.900000000001455,202.0,202.0,[170.1],[31.9],[202.]
29502,[527],1,170.09999999999854,170.09999999999854,31.900000000001455,31.900000000001455,202.0,202.0,[170.1],[31.9],[202.]
29503,[527],1,170.09999999999854,170.09999999999854,31.900000000001455,31.900000000001455,202.0,202.0,[170.1],[31.9],[202.]
29504,[527],1,170.09999999999854,170.09999999999854,31.900000000001455,31.900000000001455,202.0,202.0,[170.1],[31.9],[202.]
29505,[527],1,170.09999999999854,170.09999999999854,31.900000000001455,31.900000000001455,202.0,202.0,[170.1],[31.9],[202.]
29506,[527],1,170.09999999999854,170.09999999999854,31.900000000001455,31.900000000001455,202.0,202.0,[170.1],[31.9],[202.]
29507,[527],1,170.09999999999854,170.09999999999854,31.900000000001455,31.900000000001455,202.0,202.0,[170.1],[31.9],[202.]
29508,[527],1,170.09999999999854,170.09999999999854,31.900000000001455,31.900000000001455,202.0,202.0,[170.1],[31.9],[202.]
29509,[527],1,170.09999999999854,170.09999999999854,31.900000000001455,31.900000000001455,202.0,202.0,[170.1],[31.9],[202.]
29510,[527],1,170.09999999999854,170.09999999999854,31.900000000001455,31.900000000001455,202.0,202.0,[170.1],[31.9],[202.]
29511,[527],1,170.09999999999854,170.09999999999854,31.900000000001455,31.900000000001455,202.0,202.0,[170.1],[31.9],[202.]
29512,[527],1,170.09999999999854,170.09999999999854,31.900000000001455,31.900000000001455,202.0,202.0,[170.1],[31.9],[202.]
29513,[527],1,170.09999999999854,170.09999999999854,31.900000000001455,31.900000000001455,202.0,202.0,[170.1],[31.9],[202.]
29514,[527],1,170.09999999999854,170.09999999999854,31.900000000001455,31.900000000001455,202.0,202.0,[170.1],[31.9],[202.]
29515,[527],1,170.09999999999854,170.09999999999854,31.900000000001455,31.900000000001455,202.0,202.0,[170.1],[31.9],[202.]
29516,[527],1,170.09999999999854,170.09999999999854,31.900000000001455,31.900000000001455,202.0,202.0,[170.1],[31.9],[202.]
29517,[527],1,170.09999999999854,170.09999999999854,31.900000000001455,31.900000000001455,202.0,202.0,[170.1],[31.9],[202.]
29518,[527],1,170.09999999999854,170.09999999999854,31.900000000001455,31.900000000001455,202.0,202.0,[170.1],[31.9],[202.]
29519,[527],1,170.09999999999854,170.09999999999854,31.900000000001455,31.900000000001455,202.0,202.0,[170.1],[31.9],[202.]
29520,[527],1,170.09999999999854,170.09999999999854,31.900000000001455,31.900000000001455,202.0,202.0,[170.1],[31.9],[202.]
29521,[527],1,170.09999999999854,170.09999999999854,31.900000000001455,31.900000000001455,202.0,202.0,[170.1],[31.9],[202.]
29522,[527],1,170.09999999999854,170.09999999999854,31.900000000001455,31.900000000001455,202.0,202.0,[170.1],[31.9],[202.]
29523,[527],1,170.09999999999854,170.09999999999854,31.900000000001455,31.900000000001455,202.0,202.0,[170.1],[31.9],[202.]
29524,[527],1,170.09999999999854,170.09999999999854,31.900000000001455,31.900000000001455,202.0,202.0,[170.1],[31.9],[202.]
29525,[527],1,170.09999999999854,170.09999999999854,31.900000000001455,31.900000000001455,202.0,202.0,[170.1],[31.9],[202.]
29526,[527],1,170.09999999999854,170.09999999999854,31.900000000001455,31.900000000001455,202.0,202.0,[170.1],[31.9],[202.]
29527,[527],1,170.09999999999854,170.09999999999854,31.900000000001455,31.900000000001455,202.0,202.0,[170.1],[31.9],[202.]
29528,[527],1,170.09999999999854,170.09999999999854,31.900000000001455,31.900000000001455,202.0,202.0,[170.1],[31.9],[202.]
29529,[527],1,170.09999999999854,170.09999999999854,31.900000000001455,31.900000000001455,202.0,202.0,[170.1],[31.9],[202.]
29530,[527],1,170.09999999999854,170.09999999999854,31.900000000001455,31.900000000001455,202.0,202.0,[170.1],[31.9],[202.]
29531,[527],1,170.09999999999854,170.09999999999854,31.900000000001455,31.900000000001455,202.0,202.0,[170.1],[31.9],[202.]
29532,[527],1,170.09999999999854,170.09999999999854,31.900000000001455,31.900000000001455,202.0,202.0,[170.1],[31.9],[202.]
29533,[527],1,170.09999999999854,170.09999999999854,31.900000000001455,31.900000000001455,202.0,202.0,[170.1],[31.9],[202.]
29534,[527],1,170.09999999999854,170.09999999999854,31.900000000001455,31.900000000001455,202.0,202.0,[170.1],[31.9],[202.]
29535,[527],1,170.09999999999854,170.09999999999854,31.900000000001455,31.900000000001455,202.0,202.0,[170.1],[31.9],[202.]
29536,[527],1,170.09999999999854,170.09999999999854,31.900000000001455,31.900000000001455,202.0,202.0,[170.1],[31.9],[202.]
29537,[527],1,170.09999999999854,170.09999999999854,31.900000000001455,31.900000000001455,202.0,202.0,[170.1],[31.9],[202.]
29538,[527],1,170.09999999999854,170.09999999999854,31.900000000001455,31.900000000001455,202.0,202.0,[170.1],[31.9],[202.]
29539,[527],1,170.09999999999854,170.09999999999854,31.900000000001455,31.900000000001455,202.0,202.0,[170.1],[31.9],[202.]
29540,[527],1,170.09999999999854,170.09999999999854,31.900000000001455,31.900000000001455,202.0,202.0,[170.1],[31.9],[202.]
29541,[527],1,170.09999999999854,170.09999999999854,31.900000000001455,31.900000000001455,202.0,202.0,[170.1],[31.9],[202.]
29542,[527],1,170.09999999999854,170.09999999999854,31.900000000001455,31.900000000001455,202.0,202.0,[170.1],[31.9],[202.]
29543,[527],1,170.09999999999854,170.09999999999854,31.900000000001455,31.900000000001455,202.0,202.0,[170.1],[31.9],[202.]
29544,[527],1,170.09999999999854,170.09999999999854,31.900000000001455,31.900000000001455,202.0,202.0,[170.1],[31.9],[202.]
29545,[527],1,170.09999999999854,170.09999999999854,31.900000000001455,31.900000000001455,202.0,202.0,[170.1],[31.9],[202.]
29546,[527],1,170.09999999999854,170.09999999999854,31.900000000001455,31.900000000001455,202.0,202.0,[170.1],[31.9],[202.]
29547,[527],1,170.09999999999854,170.09999999999854,31.900000000001455,31.900000000001455,202.0,202.0,[170.1],[31.9],[202.]
29548,[527],1,170.09999999999854,170.09999999999854,31.900000000001455,31.900000000001455,202.0,202.0,[170.1],[31.9],[202.]
29549,[527],1,170.09999999999854,170.09999999999854,31.900000000001455,31.900000000001455,202.0,202.0,[170.1],[31.9],[202.]
29550,[527],1,170.09999999999854,170.09999999999854,31.900000000001455,31.900000000001455,202.0,202.0,[170.1],[31.9],[202.]
29551,[527],1,170.09999999999854,170.09999999999854,31.900000000001455,31.900000000001455,202.0,202.0,[170.1],[31.9],[202.]
29552,[527],1,170.09999999999854,170.09999999999854,31.900000000001455,31.900000000001455,202.0,202.0,[170.1],[31.9],[202.]
29553,[527 685],2,147.84999999999854,170.09999999999854,31.700000000000728,31.900000000001455,179.54999999999927,202.0,[170.1 125.6],[31.9 31.5],[202.  157.1]
29554,[527 685],2,147.84999999999854,170.09999999999854,31.700000000000728,31.900000000001455,179.54999999999927,202.0,[170.1 125.6],[31.9 31.5],[202.  157.1]
29555,[527 685],2,147.84999999999854,170.09999999999854,31.700000000000728,31.900000000001455,179.54999999999927,202.0,[170.1 125.6],[31.9 31.5],[202.  157.1]
29556,[527 685],2,147.84999999999854,170.09999999999854,31.700000000000728,31.900000000001455,179.54999999999927,202.0,[170.1 125.6],[31.9 31.5],[202.  157.1]
29557,[527 685],2,147.84999999999854,170.09999999999854,31.700000000000728,31.900000000001455,179.54999999999927,202.0,[170.1 125.6],[31.9 31.5],[202.  157.1]
29558,[527 685],2,147.84999999999854,170.09999999999854,31.700000000000728,31.900000000001455,179.54999999999927,202.0,[170.1 125.6],[31.9 31.5],[202.  157.1]
29559,[527 685],2,147.84999999999854,170.09999999999854,31.700000000000728,31.900000000001455,179.54999999999927,202.0,[170.1 125.6],[31.9 31.5],[202.  157.1]
29560,[527 685],2,147.84999999999854,170.09999999999854,31.700000000000728,31.900000000001455,179.54999999999927,202.0,[170.1 125.6],[31.9 31.5],[202.  157.1]
29561,[527 685],2,147.84999999999854,170.09999999999854,31.700000000000728,31.900000000001455,179.54999999999927,202.0,[170.1 125.6],[31.9 31.5],[202.  157.1]
29562,[527 685],2,147.84999999999854,170.09999999999854,31.700000000000728,31.900000000001455,179.54999999999927,202.0,[170.1 125.6],[31.9 31.5],[202.  157.1]
29563,[527 685],2,147.84999999999854,170.09999999999854,31.700000000000728,31.900000000001455,179.54999999999927,202.0,[170.1 125.6],[31.9 31.5],[202.  157.1]
29564,[527 685],2,147.84999999999854,170.09999999999854,31.700000000000728,31.900000000001455,179.54999999999927,202.0,[170.1 125.6],[31.9 31.5],[202.  157.1]
29565,[527 685],2,147.84999999999854,170.09999999999854,31.700000000000728,31.900000000001455,179.54999999999927,202.0,[170.1 125.6],[31.9 31.5],[202.  157.1]
29566,[527 685],2,147.84999999999854,170.09999999999854,31.700000000000728,31.900000000001455,179.54999999999927,202.0,[170.1 125.6],[31.9 31.5],[202.  157.1]
29567,[685],1,125.59999999999854,125.59999999999854,31.5,31.5,157.09999999999854,157.09999999999854,[125.6],[31.5],[157.1]
29568,[685],1,125.59999999999854,125.59999999999854,31.5,31.5,157.09999999999854,157.09999999999854,[125.6],[31.5],[157.1]
29569,[685],1,125.59999999999854,125.59999999999854,31.5,31.5,157.09999999999854,157.09999999999854,[125.6],[31.5],[157.1]
29570,[685],1,125.59999999999854,125.59999999999854,31.5,31.5,157.09999999999854,157.09999999999854,[125.6],[31.5],[157.1]
29571,[685],1,125.59999999999854,125.59999999999854,31.5,31.5,157.09999999999854,157.09999999999854,[125.6],[31.5],[157.1]
29572,[685],1,125.59999999999854,125.59999999999854,31.5,31.5,157.09999999999854,157.09999999999854,[125.6],[31.5],[157.1]
29573,[685],1,125.59999999999854,125.59999999999854,31.5,31.5,157.09999999999854,157.09999999999854,[125.6],[31.5],[157.1]
29574,[685],1,125.59999999999854,125.59999999999854,31.5,31.5,157.09999999999854,157.09999999999854,[125.6],[31.5],[157.1]
29575,[685],1,125.59999999999854,125.59999999999854,31.5,31.5,157.09999999999854,157.09999999999854,[125.6],[31.5],[157.1]
29576,[685],1,125.59999999999854,125.59999999999854,31.5,31.5,157.09999999999854,157.09999999999854,[125.6],[31.5],[157.1]
29577,[685],1,125.59999999999854,125.59999999999854,31.5,31.5,157.09999999999854,157.09999999999854,[125.6],[31.5],[157.1]
29578,[685],1,125.59999999999854,125.59999999999854,31.5,31.5,157.09999999999854,157.09999999999854,[125.6],[31.5],[157.1]
29579,[685],1,125.59999999999854,125.59999999999854,31.5,31.5,157.09999999999854,157.09999999999854,[125.6],[31.5],[157.1]
29580,[685],1,125.59999999999854,125.59999999999854,31.5,31.5,157.09999999999854,157.09999999999854,[125.6],[31.5],[157.1]
29581,[685],1,125.59999999999854,125.59999999999854,31.5,31.5,157.09999999999854,157.09999999999854,[125.6],[31.5],[157.1]
29582,[685],1,125.59999999999854,125.59999999999854,31.5,31.5,157.09999999999854,157.09999999999854,[125.6],[31.5],[157.1]
29583,[685],1,125.59999999999854,125.59999999999854,31.5,31.5,157.09999999999854,157.09999999999854,[125.6],[31.5],[157.1]
29584,[685],1,125.59999999999854,125.59999999999854,31.5,31.5,157.09999999999854,157.09999999999854,[125.6],[31.5],[157.1]
29585,[685],1,125.59999999999854,125.59999999999854,31.5,31.5,157.09999999999854,157.09999999999854,[125.6],[31.5],[157.1]
29586,[685],1,125.59999999999854,125.59999999999854,31.5,31.5,157.09999999999854,157.09999999999854,[125.6],[31.5],[157.1]
29587,[685],1,125.59999999999854,125.59999999999854,31.5,31.5,157.09999999999854,157.09999999999854,[125.6],[31.5],[157.1]
29588,[685],1,125.59999999999854,125.59999999999854,31.5,31.5,157.09999999999854,157.09999999999854,[125.6],[31.5],[157.1]
29589,[685],1,125.59999999999854,125.59999999999854,31.5,31.5,157.09999999999854,157.09999999999854,[125.6],[31.5],[157.1]
29590,[685],1,125.59999999999854,125.59999999999854,31.5,31.5,157.09999999999854,157.09999999999854,[125.6],[31.5],[157.1]
29591,[685],1,125.59999999999854,125.59999999999854,31.5,31.5,157.09999999999854,157.09999999999854,[125.6],[31.5],[157.1]
29592,[685],1,125.59999999999854,125.59999999999854,31.5,31.5,157.09999999999854,157.09999999999854,[125.6],[31.5],[157.1]
29593,[685],1,125.59999999999854,125.59999999999854,31.5,31.5,157.09999999999854,157.09999999999854,[125.6],[31.5],[157.1]
29594,[685],1,125.59999999999854,125.59999999999854,31.5,31.5,157.09999999999854,157.09999999999854,[125.6],[31.5],[157.1]
29595,[685],1,125.59999999999854,125.59999999999854,31.5,31.5,157.09999999999854,157.09999999999854,[125.6],[31.5],[157.1]
29596,[685],1,125.59999999999854,125.59999999999854,31.5,31.5,157.09999999999854,157.09999999999854,[125.6],[31.5],[157.1]
29597,[685],1,125.59999999999854,125.59999999999854,31.5,31.5,157.09999999999854,157.09999999999854,[125.6],[31.5],[157.1]
29598,[685],1,125.59999999999854,125.59999999999854,31.5,31.5,157.09999999999854,157.09999999999854,[125.6],[31.5],[157.1]
29599,[685],1,125.59999999999854,125.59999999999854,31.5,31.5,157.09999999999854,157.09999999999854,[125.6],[31.5],[157.1]
29600,[685],1,125.59999999999854,125.59999999999854,31.5,31.5,157.09999999999854,157.09999999999854,[125.6],[31.5],[157.1]
29601,[685],1,125.59999999999854,125.59999999999854,31.5,31.5,157.09999999999854,157.09999999999854,[125.6],[31.5],[157.1]
29602,[685],1,125.59999999999854,125.59999999999854,31.5,31.5,157.09999999999854,157.09999999999854,[125.6],[31.5],[157.1]
29603,[685],1,125.59999999999854,125.59999999999854,31.5,31.5,157.09999999999854,157.09999999999854,[125.6],[31.5],[157.1]
29604,[685],1,125.59999999999854,125.59999999999854,31.5,31.5,157.09999999999854,157.09999999999854,[125.6],[31.5],[157.1]
29605,[685],1,125.59999999999854,125.59999999999854,31.5,31.5,157.09999999999854,157.09999999999854,[125.6],[31.5],[157.1]
29606,[685],1,125.59999999999854,125.59999999999854,31.5,31.5,157.09999999999854,157.09999999999854,[125.6],[31.5],[157.1]
29607,[685],1,125.59999999999854,125.59999999999854,31.5,31.5,157.09999999999854,157.09999999999854,[125.6],[31.5],[157.1]
29608,[685],1,125.59999999999854,125.59999999999854,31.5,31.5,157.09999999999854,157.09999999999854,[125.6],[31.5],[157.1]
29609,[685],1,125.59999999999854,125.59999999999854,31.5,31.5,157.09999999999854,157.09999999999854,[125.6],[31.5],[157.1]
29610,[685],1,125.59999999999854,125.59999999999854,31.5,31.5,157.09999999999854,157.09999999999854,[125.6],[31.5],[157.1]
29611,[685],1,125.59999999999854,125.59999999999854,31.5,31.5,157.09999999999854,157.09999999999854,[125.6],[31.5],[157.1]
29612,[685],1,125.59999999999854,125.59999999999854,31.5,31.5,157.09999999999854,157.09999999999854,[125.6],[31.5],[157.1]
29613,[685],1,125.59999999999854,125.59999999999854,31.5,31.5,157.09999999999854,157.09999999999854,[125.6],[31.5],[157.1]
29614,[685],1,125.59999999999854,125.59999999999854,31.5,31.5,157.09999999999854,157.09999999999854,[125.6],[31.5],[157.1]
29615,[685],1,125.59999999999854,125.59999999999854,31.5,31.5,157.09999999999854,157.09999999999854,[125.6],[31.5],[157.1]
29616,[685],1,125.59999999999854,125.59999999999854,31.5,31.5,157.09999999999854,157.09999999999854,[125.6],[31.5],[157.1]
29617,[685],1,125.59999999999854,125.59999999999854,31.5,31.5,157.09999999999854,157.09999999999854,[125.6],[31.5],[157.1]
29618,[685],1,125.59999999999854,125.59999999999854,31.5,31.5,157.09999999999854,157.09999999999854,[125.6],[31.5],[157.1]
29619,[685],1,125.59999999999854,125.59999999999854,31.5,31.5,157.09999999999854,157.09999999999854,[125.6],[31.5],[157.1]
29620,[685],1,125.59999999999854,125.59999999999854,31.5,31.5,157.09999999999854,157.09999999999854,[125.6],[31.5],[157.1]
29621,[685],1,125.59999999999854,125.59999999999854,31.5,31.5,157.09999999999854,157.09999999999854,[125.6],[31.5],[157.1]
29622,[685],1,125.59999999999854,125.59999999999854,31.5,31.5,157.09999999999854,157.09999999999854,[125.6],[31.5],[157.1]
29623,[685],1,125.59999999999854,125.59999999999854,31.5,31.5,157.09999999999854,157.09999999999854,[125.6],[31.5],[157.1]
29624,[685],1,125.59999999999854,125.59999999999854,31.5,31.5,157.09999999999854,157.09999999999854,[125.6],[31.5],[157.1]
29625,[685],1,125.59999999999854,125.59999999999854,31.5,31.5,157.09999999999854,157.09999999999854,[125.6],[31.5],[157.1]
29626,[685],1,125.59999999999854,125.59999999999854,31.5,31.5,157.09999999999854,157.09999999999854,[125.6],[31.5],[157.1]
29627,[685],1,125.59999999999854,125.59999999999854,31.5,31.5,157.09999999999854,157.09999999999854,[125.6],[31.5],[157.1]
29628,[685],1,125.59999999999854,125.59999999999854,31.5,31.5,157.09999999999854,157.09999999999854,[125.6],[31.5],[157.1]
29629,[685],1,125.59999999999854,125.59999999999854,31.5,31.5,157.09999999999854,157.09999999999854,[125.6],[31.5],[157.1]
29630,[685],1,125.59999999999854,125.59999999999854,31.5,31.5,157.09999999999854,157.09999999999854,[125.6],[31.5],[157.1]
29631,[685],1,125.59999999999854,125.59999999999854,31.5,31.5,157.09999999999854,157.09999999999854,[125.6],[31.5],[157.1]
29632,[685],1,125.59999999999854,125.59999999999854,31.5,31.5,157.09999999999854,157.09999999999854,[125.6],[31.5],[157.1]
29633,[685],1,125.59999999999854,125.59999999999854,31.5,31.5,157.09999999999854,157.09999999999854,[125.6],[31.5],[157.1]
29634,[685],1,125.59999999999854,125.59999999999854,31.5,31.5,157.09999999999854,157.09999999999854,[125.6],[31.5],[157.1]
29635,[685],1,125.59999999999854,125.59999999999854,31.5,31.5,157.09999999999854,157.09999999999854,[125.6],[31.5],[157.1]
29636,[685],1,125.59999999999854,125.59999999999854,31.5,31.5,157.09999999999854,157.09999999999854,[125.6],[31.5],[157.1]
29637,[685],1,125.59999999999854,125.59999999999854,31.5,31.5,157.09999999999854,157.09999999999854,[125.6],[31.5],[157.1]
29638,[685],1,125.59999999999854,125.59999999999854,31.5,31.5,157.09999999999854,157.09999999999854,[125.6],[31.5],[157.1]
29639,[685],1,125.59999999999854,125.59999999999854,31.5,31.5,157.09999999999854,157.09999999999854,[125.6],[31.5],[157.1]
29640,[685],1,125.59999999999854,125.59999999999854,31.5,31.5,157.09999999999854,157.09999999999854,[125.6],[31.5],[157.1]
29641,[685],1,125.59999999999854,125.59999999999854,31.5,31.5,157.09999999999854,157.09999999999854,[125.6],[31.5],[157.1]
29642,[685],1,125.59999999999854,125.59999999999854,31.5,31.5,157.09999999999854,157.09999999999854,[125.6],[31.5],[157.1]
29643,[685],1,125.59999999999854,125.59999999999854,31.5,31.5,157.09999999999854,157.09999999999854,[125.6],[31.5],[157.1]
29644,[685],1,125.59999999999854,125.59999999999854,31.5,31.5,157.09999999999854,157.09999999999854,[125.6],[31.5],[157.1]
29645,[685],1,125.59999999999854,125.59999999999854,31.5,31.5,157.09999999999854,157.09999999999854,[125.6],[31.5],[157.1]
29646,[685],1,125.59999999999854,125.59999999999854,31.5,31.5,157.09999999999854,157.09999999999854,[125.6],[31.5],[157.1]
29647,[685],1,125.59999999999854,125.59999999999854,31.5,31.5,157.09999999999854,157.09999999999854,[125.6],[31.5],[157.1]
29648,[685],1,125.59999999999854,125.59999999999854,31.5,31.5,157.09999999999854,157.09999999999854,[125.6],[31.5],[157.1]
29649,[685],1,125.59999999999854,125.59999999999854,31.5,31.5,157.09999999999854,157.09999999999854,[125.6],[31.5],[157.1]
29650,[685],1,125.59999999999854,125.59999999999854,31.5,31.5,157.09999999999854,157.09999999999854,[125.6],[31.5],[157.1]
29651,[685],1,125.59999999999854,125.59999999999854,31.5,31.5,157.09999999999854,157.09999999999854,[125.6],[31.5],[157.1]
29652,[685],1,125.59999999999854,125.59999999999854,31.5,31.5,157.09999999999854,157.09999999999854,[125.6],[31.5],[157.1]
29653,[685],1,125.59999999999854,125.59999999999854,31.5,31.5,157.09999999999854,157.09999999999854,[125.6],[31.5],[157.1]
29654,[685],1,125.59999999999854,125.59999999999854,31.5,31.5,157.09999999999854,157.09999999999854,[125.6],[31.5],[157.1]
29655,[685],1,125.59999999999854,125.59999999999854,31.5,31.5,157.09999999999854,157.09999999999854,[125.6],[31.5],[157.1]
29656,[685],1,125.59999999999854,125.59999999999854,31.5,31.5,157.09999999999854,157.09999999999854,[125.6],[31.5],[157.1]
29657,[685],1,125.59999999999854,125.59999999999854,31.5,31.5,157.09999999999854,157.09999999999854,[125.6],[31.5],[157.1]
29658,[685],1,125.59999999999854,125.59999999999854,31.5,31.5,157.09999999999854,157.09999999999854,[125.6],[31.5],[157.1]
29659,[685],1,125.59999999999854,125.59999999999854,31.5,31.5,157.09999999999854,157.09999999999854,[125.6],[31.5],[157.1]
29660,[685],1,125.59999999999854,125.59999999999854,31.5,31.5,157.09999999999854,157.09999999999854,[125.6],[31.5],[157.1]
29661,[685],1,125.59999999999854,125.59999999999854,31.5,31.5,157.09999999999854,157.09999999999854,[125.6],[31.5],[157.1]
29662,[685],1,125.59999999999854,125.59999999999854,31.5,31.5,157.09999999999854,157.09999999999854,[125.6],[31.5],[157.1]
29663,[685],1,125.59999999999854,125.59999999999854,31.5,31.5,157.09999999999854,157.09999999999854,[125.6],[31.5],[157.1]
29664,[685],1,125.59999999999854,125.59999999999854,31.5,31.5,157.09999999999854,157.09999999999854,[125.6],[31.5],[157.1]
29665,[685],1,125.59999999999854,125.59999999999854,31.5,31.5,157.09999999999854,157.09999999999854,[125.6],[31.5],[157.1]
29666,[685],1,125.59999999999854,125.59999999999854,31.5,31.5,157.09999999999854,157.09999999999854,[125.6],[31.5],[157.1]
29667,[685],1,125.59999999999854,125.59999999999854,31.5,31.5,157.09999999999854,157.09999999999854,[125.6],[31.5],[157.1]
29668,[685],1,125.59999999999854,125.59999999999854,31.5,31.5,157.09999999999854,157.09999999999854,[125.6],[31.5],[157.1]
29669,[685],1,125.59999999999854,125.59999999999854,31.5,31.5,157.09999999999854,157.09999999999854,[125.6],[31.5],[157.1]
29670,[685],1,125.59999999999854,125.59999999999854,31.5,31.5,157.09999999999854,157.09999999999854,[125.6],[31.5],[157.1]
29671,[685],1,125.59999999999854,125.59999999999854,31.5,31.5,157.09999999999854,157.09999999999854,[125.6],[31.5],[157.1]
29672,[685],1,125.59999999999854,125.59999999999854,31.5,31.5,157.09999999999854,157.09999999999854,[125.6],[31.5],[157.1]
29673,[685],1,125.59999999999854,125.59999999999854,31.5,31.5,157.09999999999854,157.09999999999854,[125.6],[31.5],[157.1]
29674,[685],1,125.59999999999854,125.59999999999854,31.5,31.5,157.09999999999854,157.09999999999854,[125.6],[31.5],[157.1]
29675,[685],1,125.59999999999854,125.59999999999854,31.5,31.5,157.09999999999854,157.09999999999854,[125.6],[31.5],[157.1]
29676,[685],1,125.59999999999854,125.59999999999854,31.5,31.5,157.09999999999854,157.09999999999854,[125.6],[31.5],[157.1]
29677,[685],1,125.59999999999854,125.59999999999854,31.5,31.5,157.09999999999854,157.09999999999854,[125.6],[31.5],[157.1]
29678,[685],1,125.59999999999854,125.59999999999854,31.5,31.5,157.09999999999854,157.09999999999854,[125.6],[31.5],[157.1]
29679,[],0,0.0,0.0,0.0,0.0,0.0,0.0,[],[],[]
29680,[],0,0.0,0.0,0.0,0.0,0.0,0.0,[],[],[]
29681,[],0,0.0,0.0,0.0,0.0,0.0,0.0,[],[],[]
29682,[],0,0.0,0.0,0.0,0.0,0.0,0.0,[],[],[]
29683,[],0,0.0,0.0,0.0,0.0,0.0,0.0,[],[],[]
29684,[],0,0.0,0.0,0.0,0.0,0.0,0.0,[],[],[]
29685,[],0,0.0,0.0,0.0,0.0,0.0,0.0,[],[],[]
29686,[],0,0.0,0.0,0.0,0.0,0.0,0.0,[],[],[]
29687,[],0,0.0,0.0,0.0,0.0,0.0,0.0,[],[],[]
29688,[],0,0.0,0.0,0.0,0.0,0.0,0.0,[],[],[]
29689,[],0,0.0,0.0,0.0,0.0,0.0,0.0,[],[],[]
29690,[],0,0.0,0.0,0.0,0.0,0.0,0.0,[],[],[]
29691,[],0,0.0,0.0,0.0,0.0,0.0,0.0,[],[],[]
29692,[799],1,21.5,21.5,60.900000000001455,60.900000000001455,82.40000000000146,82.40000000000146,[21.5],[60.9],[82.4]
29693,[799],1,21.5,21.5,60.900000000001455,60.900000000001455,82.40000000000146,82.40000000000146,[21.5],[60.9],[82.4]
29694,[799],1,21.5,21.5,60.900000000001455,60.900000000001455,82.40000000000146,82.40000000000146,[21.5],[60.9],[82.4]
29695,[799 802],2,41.5,61.5,71.35000000000036,81.79999999999927,112.85000000000036,143.29999999999927,[21.5 61.5],[60.9 81.8],[ 82.4 143.3]
29696,[799 802],2,41.5,61.5,71.35000000000036,81.79999999999927,112.85000000000036,143.29999999999927,[21.5 61.5],[60.9 81.8],[ 82.4 143.3]
29697,[799 802],2,41.5,61.5,71.35000000000036,81.79999999999927,112.85000000000036,143.29999999999927,[21.5 61.5],[60.9 81.8],[ 82.4 143.3]
29698,[799 802],2,41.5,61.5,71.35000000000036,81.79999999999927,112.85000000000036,143.29999999999927,[21.5 61.5],[60.9 81.8],[ 82.4 143.3]
29699,[799 802],2,41.5,61.5,71.35000000000036,81.79999999999927,112.85000000000036,143.29999999999927,[21.5 61.5],[60.9 81.8],[ 82.4 143.3]
29700,[799 802],2,41.5,61.5,71.35000000000036,81.79999999999927,112.85000000000036,143.29999999999927,[21.5 61.5],[60.9 81.8],[ 82.4 143.3]
29701,[799 802],2,41.5,61.5,71.35000000000036,81.79999999999927,112.85000000000036,143.29999999999927,[21.5 61.5],[60.9 81.8],[ 82.4 143.3]
29702,[799 802],2,41.5,61.5,71.35000000000036,81.79999999999927,112.85000000000036,143.29999999999927,[21.5 61.5],[60.9 81.8],[ 82.4 143.3]
29703,[799 802],2,41.5,61.5,71.35000000000036,81.79999999999927,112.85000000000036,143.29999999999927,[21.5 61.5],[60.9 81.8],[ 82.4 143.3]
29704,[799 802],2,41.5,61.5,71.35000000000036,81.79999999999927,112.85000000000036,143.29999999999927,[21.5 61.5],[60.9 81.8],[ 82.4 143.3]
29705,[799 802],2,41.5,61.5,71.35000000000036,81.79999999999927,112.85000000000036,143.29999999999927,[21.5 61.5],[60.9 81.8],[ 82.4 143.3]
29706,[799 802],2,41.5,61.5,71.35000000000036,81.79999999999927,112.85000000000036,143.29999999999927,[21.5 61.5],[60.9 81.8],[ 82.4 143.3]
29707,[799 802],2,41.5,61.5,71.35000000000036,81.79999999999927,112.85000000000036,143.29999999999927,[21.5 61.5],[60.9 81.8],[ 82.4 143.3]
29708,[799 802],2,41.5,61.5,71.35000000000036,81.79999999999927,112.85000000000036,143.29999999999927,[21.5 61.5],[60.9 81.8],[ 82.4 143.3]
29709,[799 802],2,41.5,61.5,71.35000000000036,81.79999999999927,112.85000000000036,143.29999999999927,[21.5 61.5],[60.9 81.8],[ 82.4 143.3]
29710,[799 802],2,41.5,61.5,71.35000000000036,81.79999999999927,112.85000000000036,143.29999999999927,[21.5 61.5],[60.9 81.8],[ 82.4 143.3]
29711,[799 802],2,41.5,61.5,71.35000000000036,81.79999999999927,112.85000000000036,143.29999999999927,[21.5 61.5],[60.9 81.8],[ 82.4 143.3]
29712,[799 802],2,41.5,61.5,71.35000000000036,81.79999999999927,112.85000000000036,143.29999999999927,[21.5 61.5],[60.9 81.8],[ 82.4 143.3]
29713,[799 802],2,41.5,61.5,71.35000000000036,81.79999999999927,112.85000000000036,143.29999999999927,[21.5 61.5],[60.9 81.8],[ 82.4 143.3]
29714,[802],1,61.5,61.5,81.79999999999927,81.79999999999927,143.29999999999927,143.29999999999927,[61.5],[81.8],[143.3]
29715,[802 818],2,30.75,61.5,62.99174999999923,81.79999999999927,93.74174999999923,143.29999999999927,[61.5  0. ],[81.8    44.1835],[143.3     44.1835]
29716,[802],1,61.5,61.5,81.79999999999927,81.79999999999927,143.29999999999927,143.29999999999927,[61.5],[81.8],[143.3]
29717,[802],1,61.5,61.5,81.79999999999927,81.79999999999927,143.29999999999927,143.29999999999927,[61.5],[81.8],[143.3]
29718,[802],1,61.5,61.5,81.79999999999927,81.79999999999927,143.29999999999927,143.29999999999927,[61.5],[81.8],[143.3]
29719,[802],1,61.5,61.5,81.79999999999927,81.79999999999927,143.29999999999927,143.29999999999927,[61.5],[81.8],[143.3]
29720,[802],1,61.5,61.5,81.79999999999927,81.79999999999927,143.29999999999927,143.29999999999927,[61.5],[81.8],[143.3]
29721,[802],1,61.5,61.5,81.79999999999927,81.79999999999927,143.29999999999927,143.29999999999927,[61.5],[81.8],[143.3]
29722,[802],1,61.5,61.5,81.79999999999927,81.79999999999927,143.29999999999927,143.29999999999927,[61.5],[81.8],[143.3]
29723,[802],1,61.5,61.5,81.79999999999927,81.79999999999927,143.29999999999927,143.29999999999927,[61.5],[81.8],[143.3]
29724,[802],1,61.5,61.5,81.79999999999927,81.79999999999927,143.29999999999927,143.29999999999927,[61.5],[81.8],[143.3]
29725,[802],1,61.5,61.5,81.79999999999927,81.79999999999927,143.29999999999927,143.29999999999927,[61.5],[81.8],[143.3]
29726,[802],1,61.5,61.5,81.79999999999927,81.79999999999927,143.29999999999927,143.29999999999927,[61.5],[81.8],[143.3]
29727,[802],1,61.5,61.5,81.79999999999927,81.79999999999927,143.29999999999927,143.29999999999927,[61.5],[81.8],[143.3]
29728,[802],1,61.5,61.5,81.79999999999927,81.79999999999927,143.29999999999927,143.29999999999927,[61.5],[81.8],[143.3]
29729,[802],1,61.5,61.5,81.79999999999927,81.79999999999927,143.29999999999927,143.29999999999927,[61.5],[81.8],[143.3]
29730,[802],1,61.5,61.5,81.79999999999927,81.79999999999927,143.29999999999927,143.29999999999927,[61.5],[81.8],[143.3]
29731,[802],1,61.5,61.5,81.79999999999927,81.79999999999927,143.29999999999927,143.29999999999927,[61.5],[81.8],[143.3]
29732,[802],1,61.5,61.5,81.79999999999927,81.79999999999927,143.29999999999927,143.29999999999927,[61.5],[81.8],[143.3]
29733,[802],1,61.5,61.5,81.79999999999927,81.79999999999927,143.29999999999927,143.29999999999927,[61.5],[81.8],[143.3]
29734,[802],1,61.5,61.5,81.79999999999927,81.79999999999927,143.29999999999927,143.29999999999927,[61.5],[81.8],[143.3]
29735,[802],1,61.5,61.5,81.79999999999927,81.79999999999927,143.29999999999927,143.29999999999927,[61.5],[81.8],[143.3]
29736,[802],1,61.5,61.5,81.79999999999927,81.79999999999927,143.29999999999927,143.29999999999927,[61.5],[81.8],[143.3]
29737,[802],1,61.5,61.5,81.79999999999927,81.79999999999927,143.29999999999927,143.29999999999927,[61.5],[81.8],[143.3]
29738,[802],1,61.5,61.5,81.79999999999927,81.79999999999927,143.29999999999927,143.29999999999927,[61.5],[81.8],[143.3]
29739,[802],1,61.5,61.5,81.79999999999927,81.79999999999927,143.29999999999927,143.29999999999927,[61.5],[81.8],[143.3]
29740,[802],1,61.5,61.5,81.79999999999927,81.79999999999927,143.29999999999927,143.29999999999927,[61.5],[81.8],[143.3]
29741,[802],1,61.5,61.5,81.79999999999927,81.79999999999927,143.29999999999927,143.29999999999927,[61.5],[81.8],[143.3]
29742,[802],1,61.5,61.5,81.79999999999927,81.79999999999927,143.29999999999927,143.29999999999927,[61.5],[81.8],[143.3]
29743,[802],1,61.5,61.5,81.79999999999927,81.79999999999927,143.29999999999927,143.29999999999927,[61.5],[81.8],[143.3]
29744,[802],1,61.5,61.5,81.79999999999927,81.79999999999927,143.29999999999927,143.29999999999927,[61.5],[81.8],[143.3]
29745,[802],1,61.5,61.5,81.79999999999927,81.79999999999927,143.29999999999927,143.29999999999927,[61.5],[81.8],[143.3]
29746,[802],1,61.5,61.5,81.79999999999927,81.79999999999927,143.29999999999927,143.29999999999927,[61.5],[81.8],[143.3]
29747,[802],1,61.5,61.5,81.79999999999927,81.79999999999927,143.29999999999927,143.29999999999927,[61.5],[81.8],[143.3]
29748,[802],1,61.5,61.5,81.79999999999927,81.79999999999927,143.29999999999927,143.29999999999927,[61.5],[81.8],[143.3]
29749,[802],1,61.5,61.5,81.79999999999927,81.79999999999927,143.29999999999927,143.29999999999927,[61.5],[81.8],[143.3]
29750,[802],1,61.5,61.5,81.79999999999927,81.79999999999927,143.29999999999927,143.29999999999927,[61.5],[81.8],[143.3]
29751,[802],1,61.5,61.5,81.79999999999927,81.79999999999927,143.29999999999927,143.29999999999927,[61.5],[81.8],[143.3]
29752,[802],1,61.5,61.5,81.79999999999927,81.79999999999927,143.29999999999927,143.29999999999927,[61.5],[81.8],[143.3]
29753,[802],1,61.5,61.5,81.79999999999927,81.79999999999927,143.29999999999927,143.29999999999927,[61.5],[81.8],[143.3]
29754,[802],1,61.5,61.5,81.79999999999927,81.79999999999927,143.29999999999927,143.29999999999927,[61.5],[81.8],[143.3]
29755,[802],1,61.5,61.5,81.79999999999927,81.79999999999927,143.29999999999927,143.29999999999927,[61.5],[81.8],[143.3]
29756,[802],1,61.5,61.5,81.79999999999927,81.79999999999927,143.29999999999927,143.29999999999927,[61.5],[81.8],[143.3]
29757,[],0,0.0,0.0,0.0,0.0,0.0,0.0,[],[],[]
29758,[],0,0.0,0.0,0.0,0.0,0.0,0.0,[],[],[]
29759,[],0,0.0,0.0,0.0,0.0,0.0,0.0,[],[],[]
29760,[],0,0.0,0.0,0.0,0.0,0.0,0.0,[],[],[]
29761,[],0,0.0,0.0,0.0,0.0,0.0,0.0,[],[],[]
29762,[],0,0.0,0.0,0.0,0.0,0.0,0.0,[],[],[]
29763,[],0,0.0,0.0,0.0,0.0,0.0,0.0,[],[],[]
29764,[],0,0.0,0.0,0.0,0.0,0.0,0.0,[],[],[]
29765,[],0,0.0,0.0,0.0,0.0,0.0,0.0,[],[],[]
29766,[],0,0.0,0.0,0.0,0.0,0.0,0.0,[],[],[]
29767,[],0,0.0,0.0,0.0,0.0,0.0,0.0,[],[],[]
29768,[],0,0.0,0.0,0.0,0.0,0.0,0.0,[],[],[]
29769,[],0,0.0,0.0,0.0,0.0,0.0,0.0,[],[],[]
29770,[],0,0.0,0.0,0.0,0.0,0.0,0.0,[],[],[]
29771,[],0,0.0,0.0,0.0,0.0,0.0,0.0,[],[],[]
29772,[],0,0.0,0.0,0.0,0.0,0.0,0.0,[],[],[]
29773,[880],1,119.0,119.0,67.29999999999927,67.29999999999927,186.29999999999927,186.29999999999927,[119.],[67.3],[186.3]
29774,[880],1,119.0,119.0,67.29999999999927,67.29999999999927,186.29999999999927,186.29999999999927,[119.],[67.3],[186.3]
29775,[880],1,119.0,119.0,67.29999999999927,67.29999999999927,186.29999999999927,186.29999999999927,[119.],[67.3],[186.3]
29776,[880],1,119.0,119.0,67.29999999999927,67.29999999999927,186.29999999999927,186.29999999999927,[119.],[67.3],[186.3]
29777,[880],1,119.0,119.0,67.29999999999927,67.29999999999927,186.29999999999927,186.29999999999927,[119.],[67.3],[186.3]
29778,[880],1,119.0,119.0,67.29999999999927,67.29999999999927,186.29999999999927,186.29999999999927,[119.],[67.3],[186.3]
29779,[880],1,119.0,119.0,67.29999999999927,67.29999999999927,186.29999999999927,186.29999999999927,[119.],[67.3],[186.3]
29780,[880],1,119.0,119.0,67.29999999999927,67.29999999999927,186.29999999999927,186.29999999999927,[119.],[67.3],[186.3]
29781,[880],1,119.0,119.0,67.29999999999927,67.29999999999927,186.29999999999927,186.29999999999927,[119.],[67.3],[186.3]
29782,[880],1,119.0,119.0,67.29999999999927,67.29999999999927,186.29999999999927,186.29999999999927,[119.],[67.3],[186.3]
29783,[880],1,119.0,119.0,67.29999999999927,67.29999999999927,186.29999999999927,186.29999999999927,[119.],[67.3],[186.3]
29784,[880],1,119.0,119.0,67.29999999999927,67.29999999999927,186.29999999999927,186.29999999999927,[119.],[67.3],[186.3]
29785,[880],1,119.0,119.0,67.29999999999927,67.29999999999927,186.29999999999927,186.29999999999927,[119.],[67.3],[186.3]
29786,[880],1,119.0,119.0,67.29999999999927,67.29999999999927,186.29999999999927,186.29999999999927,[119.],[67.3],[186.3]
29787,[880],1,119.0,119.0,67.29999999999927,67.29999999999927,186.29999999999927,186.29999999999927,[119.],[67.3],[186.3]
29788,[880],1,119.0,119.0,67.29999999999927,67.29999999999927,186.29999999999927,186.29999999999927,[119.],[67.3],[186.3]
29789,[880],1,119.0,119.0,67.29999999999927,67.29999999999927,186.29999999999927,186.29999999999927,[119.],[67.3],[186.3]
29790,[880],1,119.0,119.0,67.29999999999927,67.29999999999927,186.29999999999927,186.29999999999927,[119.],[67.3],[186.3]
29791,[880],1,119.0,119.0,67.29999999999927,67.29999999999927,186.29999999999927,186.29999999999927,[119.],[67.3],[186.3]
29792,[880],1,119.0,119.0,67.29999999999927,67.29999999999927,186.29999999999927,186.29999999999927,[119.],[67.3],[186.3]
29793,[880],1,119.0,119.0,67.29999999999927,67.29999999999927,186.29999999999927,186.29999999999927,[119.],[67.3],[186.3]
29794,[880],1,119.0,119.0,67.29999999999927,67.29999999999927,186.29999999999927,186.29999999999927,[119.],[67.3],[186.3]
29795,[880],1,119.0,119.0,67.29999999999927,67.29999999999927,186.29999999999927,186.29999999999927,[119.],[67.3],[186.3]
29796,[880],1,119.0,119.0,67.29999999999927,67.29999999999927,186.29999999999927,186.29999999999927,[119.],[67.3],[186.3]
29797,[880],1,119.0,119.0,67.29999999999927,67.29999999999927,186.29999999999927,186.29999999999927,[119.],[67.3],[186.3]
29798,[880],1,119.0,119.0,67.29999999999927,67.29999999999927,186.29999999999927,186.29999999999927,[119.],[67.3],[186.3]
29799,[880],1,119.0,119.0,67.29999999999927,67.29999999999927,186.29999999999927,186.29999999999927,[119.],[67.3],[186.3]
29800,[880],1,119.0,119.0,67.29999999999927,67.29999999999927,186.29999999999927,186.29999999999927,[119.],[67.3],[186.3]
29801,[880],1,119.0,119.0,67.29999999999927,67.29999999999927,186.29999999999927,186.29999999999927,[119.],[67.3],[186.3]
29802,[880],1,119.0,119.0,67.29999999999927,67.29999999999927,186.29999999999927,186.29999999999927,[119.],[67.3],[186.3]
29803,[880],1,119.0,119.0,67.29999999999927,67.29999999999927,186.29999999999927,186.29999999999927,[119.],[67.3],[186.3]
29804,[880],1,119.0,119.0,67.29999999999927,67.29999999999927,186.29999999999927,186.29999999999927,[119.],[67.3],[186.3]
29805,[880],1,119.0,119.0,67.29999999999927,67.29999999999927,186.29999999999927,186.29999999999927,[119.],[67.3],[186.3]
29806,[880],1,119.0,119.0,67.29999999999927,67.29999999999927,186.29999999999927,186.29999999999927,[119.],[67.3],[186.3]
29807,[880],1,119.0,119.0,67.29999999999927,67.29999999999927,186.29999999999927,186.29999999999927,[119.],[67.3],[186.3]
29808,[880],1,119.0,119.0,67.29999999999927,67.29999999999927,186.29999999999927,186.29999999999927,[119.],[67.3],[186.3]
29809,[880],1,119.0,119.0,67.29999999999927,67.29999999999927,186.29999999999927,186.29999999999927,[119.],[67.3],[186.3]
29810,[880],1,119.0,119.0,67.29999999999927,67.29999999999927,186.29999999999927,186.29999999999927,[119.],[67.3],[186.3]
29811,[880],1,119.0,119.0,67.29999999999927,67.29999999999927,186.29999999999927,186.29999999999927,[119.],[67.3],[186.3]
29812,[880],1,119.0,119.0,67.29999999999927,67.29999999999927,186.29999999999927,186.29999999999927,[119.],[67.3],[186.3]
29813,[880],1,119.0,119.0,67.29999999999927,67.29999999999927,186.29999999999927,186.29999999999927,[119.],[67.3],[186.3]
29814,[880],1,119.0,119.0,67.29999999999927,67.29999999999927,186.29999999999927,186.29999999999927,[119.],[67.3],[186.3]
29815,[880],1,119.0,119.0,67.29999999999927,67.29999999999927,186.29999999999927,186.29999999999927,[119.],[67.3],[186.3]
29816,[880],1,119.0,119.0,67.29999999999927,67.29999999999927,186.29999999999927,186.29999999999927,[119.],[67.3],[186.3]
29817,[880],1,119.0,119.0,67.29999999999927,67.29999999999927,186.29999999999927,186.29999999999927,[119.],[67.3],[186.3]
29818,[880],1,119.0,119.0,67.29999999999927,67.29999999999927,186.29999999999927,186.29999999999927,[119.],[67.3],[186.3]
29819,[880],1,119.0,119.0,67.29999999999927,67.29999999999927,186.29999999999927,186.29999999999927,[119.],[67.3],[186.3]
29820,[880],1,119.0,119.0,67.29999999999927,67.29999999999927,186.29999999999927,186.29999999999927,[119.],[67.3],[186.3]
29821,[880],1,119.0,119.0,67.29999999999927,67.29999999999927,186.29999999999927,186.29999999999927,[119.],[67.3],[186.3]
29822,[880],1,119.0,119.0,67.29999999999927,67.29999999999927,186.29999999999927,186.29999999999927,[119.],[67.3],[186.3]
29823,[880],1,119.0,119.0,67.29999999999927,67.29999999999927,186.29999999999927,186.29999999999927,[119.],[67.3],[186.3]
29824,[880],1,119.0,119.0,67.29999999999927,67.29999999999927,186.29999999999927,186.29999999999927,[119.],[67.3],[186.3]
29825,[880],1,119.0,119.0,67.29999999999927,67.29999999999927,186.29999999999927,186.29999999999927,[119.],[67.3],[186.3]
29826,[880],1,119.0,119.0,67.29999999999927,67.29999999999927,186.29999999999927,186.29999999999927,[119.],[67.3],[186.3]
29827,[880],1,119.0,119.0,67.29999999999927,67.29999999999927,186.29999999999927,186.29999999999927,[119.],[67.3],[186.3]
29828,[880],1,119.0,119.0,67.29999999999927,67.29999999999927,186.29999999999927,186.29999999999927,[119.],[67.3],[186.3]
29829,[880],1,119.0,119.0,67.29999999999927,67.29999999999927,186.29999999999927,186.29999999999927,[119.],[67.3],[186.3]
29830,[880],1,119.0,119.0,67.29999999999927,67.29999999999927,186.29999999999927,186.29999999999927,[119.],[67.3],[186.3]
29831,[880],1,119.0,119.0,67.29999999999927,67.29999999999927,186.29999999999927,186.29999999999927,[119.],[67.3],[186.3]
29832,[880],1,119.0,119.0,67.29999999999927,67.29999999999927,186.29999999999927,186.29999999999927,[119.],[67.3],[186.3]
29833,[880],1,119.0,119.0,67.29999999999927,67.29999999999927,186.29999999999927,186.29999999999927,[119.],[67.3],[186.3]
29834,[880],1,119.0,119.0,67.29999999999927,67.29999999999927,186.29999999999927,186.29999999999927,[119.],[67.3],[186.3]
29835,[880],1,119.0,119.0,67.29999999999927,67.29999999999927,186.29999999999927,186.29999999999927,[119.],[67.3],[186.3]
29836,[880],1,119.0,119.0,67.29999999999927,67.29999999999927,186.29999999999927,186.29999999999927,[119.],[67.3],[186.3]
29837,[880],1,119.0,119.0,67.29999999999927,67.29999999999927,186.29999999999927,186.29999999999927,[119.],[67.3],[186.3]
29838,[880 929],2,70.70000000000073,119.0,58.19174999999814,67.29999999999927,128.89174999999886,186.29999999999927,[119.   22.4],[67.3    49.0835],[186.3     71.4835]
29839,[880 929],2,70.70000000000073,119.0,58.19174999999814,67.29999999999927,128.89174999999886,186.29999999999927,[119.   22.4],[67.3    49.0835],[186.3     71.4835]
29840,[880 929],2,70.70000000000073,119.0,58.19174999999814,67.29999999999927,128.89174999999886,186.29999999999927,[119.   22.4],[67.3    49.0835],[186.3     71.4835]
29841,[880 929],2,70.70000000000073,119.0,58.19174999999814,67.29999999999927,128.89174999999886,186.29999999999927,[119.   22.4],[67.3    49.0835],[186.3     71.4835]
29842,[880 929 936],3,53.26666666666764,119.0,49.56116666666518,67.29999999999927,102.82783333333282,186.29999999999927,[119.   22.4  18.4],[67.3    49.0835 32.3   ],[186.3     71.4835  50.7   ]
29843,[880 929 936],3,53.26666666666764,119.0,49.56116666666518,67.29999999999927,102.82783333333282,186.29999999999927,[119.   22.4  18.4],[67.3    49.0835 32.3   ],[186.3     71.4835  50.7   ]
29844,[880 929 936],3,53.26666666666764,119.0,49.56116666666518,67.29999999999927,102.82783333333282,186.29999999999927,[119.   22.4  18.4],[67.3    49.0835 32.3   ],[186.3     71.4835  50.7   ]
29845,[880 929 936],3,53.26666666666764,119.0,49.56116666666518,67.29999999999927,102.82783333333282,186.29999999999927,[119.   22.4  18.4],[67.3    49.0835 32.3   ],[186.3     71.4835  50.7   ]
29846,[880 929 936],3,53.26666666666764,119.0,49.56116666666518,67.29999999999927,102.82783333333282,186.29999999999927,[119.   22.4  18.4],[67.3    49.0835 32.3   ],[186.3     71.4835  50.7   ]
29847,[880 929 936],3,53.26666666666764,119.0,49.56116666666518,67.29999999999927,102.82783333333282,186.29999999999927,[119.   22.4  18.4],[67.3    49.0835 32.3   ],[186.3     71.4835  50.7   ]
29848,[880 929 936],3,53.26666666666764,119.0,49.56116666666518,67.29999999999927,102.82783333333282,186.29999999999927,[119.   22.4  18.4],[67.3    49.0835 32.3   ],[186.3     71.4835  50.7   ]
29849,[880 929 936],3,53.26666666666764,119.0,49.56116666666518,67.29999999999927,102.82783333333282,186.29999999999927,[119.   22.4  18.4],[67.3    49.0835 32.3   ],[186.3     71.4835  50.7   ]
29850,[880 929 936],3,53.26666666666764,119.0,49.56116666666518,67.29999999999927,102.82783333333282,186.29999999999927,[119.   22.4  18.4],[67.3    49.0835 32.3   ],[186.3     71.4835  50.7   ]
29851,[880 929 936],3,53.26666666666764,119.0,49.56116666666518,67.29999999999927,102.82783333333282,186.29999999999927,[119.   22.4  18.4],[67.3    49.0835 32.3   ],[186.3     71.4835  50.7   ]
29852,[880 929 936],3,53.26666666666764,119.0,49.56116666666518,67.29999999999927,102.82783333333282,186.29999999999927,[119.   22.4  18.4],[67.3    49.0835 32.3   ],[186.3     71.4835  50.7   ]
29853,[880 929 936],3,53.26666666666764,119.0,49.56116666666518,67.29999999999927,102.82783333333282,186.29999999999927,[119.   22.4  18.4],[67.3    49.0835 32.3   ],[186.3     71.4835  50.7   ]
29854,[880 929 936],3,53.26666666666764,119.0,49.56116666666518,67.29999999999927,102.82783333333282,186.29999999999927,[119.   22.4  18.4],[67.3    49.0835 32.3   ],[186.3     71.4835  50.7   ]
29855,[880 929 936],3,53.26666666666764,119.0,49.56116666666518,67.29999999999927,102.82783333333282,186.29999999999927,[119.   22.4  18.4],[67.3    49.0835 32.3   ],[186.3     71.4835  50.7   ]
29856,[880 929 936],3,53.26666666666764,119.0,49.56116666666518,67.29999999999927,102.82783333333282,186.29999999999927,[119.   22.4  18.4],[67.3    49.0835 32.3   ],[186.3     71.4835  50.7   ]
29857,[880 929 936],3,53.26666666666764,119.0,49.56116666666518,67.29999999999927,102.82783333333282,186.29999999999927,[119.   22.4  18.4],[67.3    49.0835 32.3   ],[186.3     71.4835  50.7   ]
29858,[880 929 936],3,53.26666666666764,119.0,49.56116666666518,67.29999999999927,102.82783333333282,186.29999999999927,[119.   22.4  18.4],[67.3    49.0835 32.3   ],[186.3     71.4835  50.7   ]
29859,[880 929 936],3,53.26666666666764,119.0,49.56116666666518,67.29999999999927,102.82783333333282,186.29999999999927,[119.   22.4  18.4],[67.3    49.0835 32.3   ],[186.3     71.4835  50.7   ]
29860,[880 929 936],3,53.26666666666764,119.0,49.56116666666518,67.29999999999927,102.82783333333282,186.29999999999927,[119.   22.4  18.4],[67.3    49.0835 32.3   ],[186.3     71.4835  50.7   ]
29861,[880],1,119.0,119.0,67.29999999999927,67.29999999999927,186.29999999999927,186.29999999999927,[119.],[67.3],[186.3]
29862,[880],1,119.0,119.0,67.29999999999927,67.29999999999927,186.29999999999927,186.29999999999927,[119.],[67.3],[186.3]
29863,[880 955],2,102.10000000000036,119.0,49.0439394999994,67.29999999999927,151.14393949999976,186.29999999999927,[119.   85.2],[67.3      30.787879],[186.3      115.987879]
29864,[880 955],2,102.10000000000036,119.0,49.0439394999994,67.29999999999927,151.14393949999976,186.29999999999927,[119.   85.2],[67.3      30.787879],[186.3      115.987879]
29865,[880 955],2,102.10000000000036,119.0,49.0439394999994,67.29999999999927,151.14393949999976,186.29999999999927,[119.   85.2],[67.3      30.787879],[186.3      115.987879]
29866,[880 955],2,102.10000000000036,119.0,49.0439394999994,67.29999999999927,151.14393949999976,186.29999999999927,[119.   85.2],[67.3      30.787879],[186.3      115.987879]
29867,[880 955],2,102.10000000000036,119.0,49.0439394999994,67.29999999999927,151.14393949999976,186.29999999999927,[119.   85.2],[67.3      30.787879],[186.3      115.987879]
29868,[880 955],2,102.10000000000036,119.0,49.0439394999994,67.29999999999927,151.14393949999976,186.29999999999927,[119.   85.2],[67.3      30.787879],[186.3      115.987879]
29869,[880 955],2,102.10000000000036,119.0,49.0439394999994,67.29999999999927,151.14393949999976,186.29999999999927,[119.   85.2],[67.3      30.787879],[186.3      115.987879]
29870,[880 955],2,102.10000000000036,119.0,49.0439394999994,67.29999999999927,151.14393949999976,186.29999999999927,[119.   85.2],[67.3      30.787879],[186.3      115.987879]
29871,[880 955],2,102.10000000000036,119.0,49.0439394999994,67.29999999999927,151.14393949999976,186.29999999999927,[119.   85.2],[67.3      30.787879],[186.3      115.987879]
29872,[880 955],2,102.10000000000036,119.0,49.0439394999994,67.29999999999927,151.14393949999976,186.29999999999927,[119.   85.2],[67.3      30.787879],[186.3      115.987879]
29873,[880 955],2,102.10000000000036,119.0,49.0439394999994,67.29999999999927,151.14393949999976,186.29999999999927,[119.   85.2],[67.3      30.787879],[186.3      115.987879]
29874,[880 955],2,102.10000000000036,119.0,49.0439394999994,67.29999999999927,151.14393949999976,186.29999999999927,[119.   85.2],[67.3      30.787879],[186.3      115.987879]
29875,[880 955],2,102.10000000000036,119.0,49.0439394999994,67.29999999999927,151.14393949999976,186.29999999999927,[119.   85.2],[67.3      30.787879],[186.3      115.987879]
29876,[880 955],2,102.10000000000036,119.0,49.0439394999994,67.29999999999927,151.14393949999976,186.29999999999927,[119.   85.2],[67.3      30.787879],[186.3      115.987879]
29877,[880 955],2,102.10000000000036,119.0,49.0439394999994,67.29999999999927,151.14393949999976,186.29999999999927,[119.   85.2],[67.3      30.787879],[186.3      115.987879]
29878,[880 955],2,102.10000000000036,119.0,49.0439394999994,67.29999999999927,151.14393949999976,186.29999999999927,[119.   85.2],[67.3      30.787879],[186.3      115.987879]
29879,[880 955 974],3,72.40000000000025,119.0,42.847474666666436,67.29999999999927,115.24747466666668,186.29999999999927,[119.   85.2  13. ],[67.3      30.787879 30.454545],[186.3      115.987879  43.454545]
29880,[880 955 974],3,72.40000000000025,119.0,42.847474666666436,67.29999999999927,115.24747466666668,186.29999999999927,[119.   85.2  13. ],[67.3      30.787879 30.454545],[186.3      115.987879  43.454545]
29881,[880 955 974],3,72.40000000000025,119.0,42.847474666666436,67.29999999999927,115.24747466666668,186.29999999999927,[119.   85.2  13. ],[67.3      30.787879 30.454545],[186.3      115.987879  43.454545]
29882,[880 955 974],3,72.40000000000025,119.0,42.847474666666436,67.29999999999927,115.24747466666668,186.29999999999927,[119.   85.2  13. ],[67.3      30.787879 30.454545],[186.3      115.987879  43.454545]
29883,[880 955 974],3,72.40000000000025,119.0,42.847474666666436,67.29999999999927,115.24747466666668,186.29999999999927,[119.   85.2  13. ],[67.3      30.787879 30.454545],[186.3      115.987879  43.454545]
29884,[880 955 974],3,72.40000000000025,119.0,42.847474666666436,67.29999999999927,115.24747466666668,186.29999999999927,[119.   85.2  13. ],[67.3      30.787879 30.454545],[186.3      115.987879  43.454545]
29885,[880 955 974],3,72.40000000000025,119.0,42.847474666666436,67.29999999999927,115.24747466666668,186.29999999999927,[119.   85.2  13. ],[67.3      30.787879 30.454545],[186.3      115.987879  43.454545]
29886,[880 955 974],3,72.40000000000025,119.0,42.847474666666436,67.29999999999927,115.24747466666668,186.29999999999927,[119.   85.2  13. ],[67.3      30.787879 30.454545],[186.3      115.987879  43.454545]
29887,[880 955 974],3,72.40000000000025,119.0,42.847474666666436,67.29999999999927,115.24747466666668,186.29999999999927,[119.   85.2  13. ],[67.3      30.787879 30.454545],[186.3      115.987879  43.454545]
29888,[880 955 974],3,72.40000000000025,119.0,42.847474666666436,67.29999999999927,115.24747466666668,186.29999999999927,[119.   85.2  13. ],[67.3      30.787879 30.454545],[186.3      115.987879  43.454545]
29889,[880 955 974],3,72.40000000000025,119.0,42.847474666666436,67.29999999999927,115.24747466666668,186.29999999999927,[119.   85.2  13. ],[67.3      30.787879 30.454545],[186.3      115.987879  43.454545]
29890,[880 955 974],3,72.40000000000025,119.0,42.847474666666436,67.29999999999927,115.24747466666668,186.29999999999927,[119.   85.2  13. ],[67.3      30.787879 30.454545],[186.3      115.987879  43.454545]
29891,[880 955 974],3,72.40000000000025,119.0,42.847474666666436,67.29999999999927,115.24747466666668,186.29999999999927,[119.   85.2  13. ],[67.3      30.787879 30.454545],[186.3      115.987879  43.454545]
29892,[880 955 974],3,72.40000000000025,119.0,42.847474666666436,67.29999999999927,115.24747466666668,186.29999999999927,[119.   85.2  13. ],[67.3      30.787879 30.454545],[186.3      115.987879  43.454545]
29893,[955],1,85.20000000000073,85.20000000000073,30.78787899999952,30.78787899999952,115.98787900000025,115.98787900000025,[85.2],[30.787879],[115.987879]
29894,[955],1,85.20000000000073,85.20000000000073,30.78787899999952,30.78787899999952,115.98787900000025,115.98787900000025,[85.2],[30.787879],[115.987879]
29895,[955],1,85.20000000000073,85.20000000000073,30.78787899999952,30.78787899999952,115.98787900000025,115.98787900000025,[85.2],[30.787879],[115.987879]
29896,[955],1,85.20000000000073,85.20000000000073,30.78787899999952,30.78787899999952,115.98787900000025,115.98787900000025,[85.2],[30.787879],[115.987879]
29897,[955],1,85.20000000000073,85.20000000000073,30.78787899999952,30.78787899999952,115.98787900000025,115.98787900000025,[85.2],[30.787879],[115.987879]
29898,[955],1,85.20000000000073,85.20000000000073,30.78787899999952,30.78787899999952,115.98787900000025,115.98787900000025,[85.2],[30.787879],[115.987879]
29899,[955],1,85.20000000000073,85.20000000000073,30.78787899999952,30.78787899999952,115.98787900000025,115.98787900000025,[85.2],[30.787879],[115.987879]
29900,[955],1,85.20000000000073,85.20000000000073,30.78787899999952,30.78787899999952,115.98787900000025,115.98787900000025,[85.2],[30.787879],[115.987879]
29901,[955],1,85.20000000000073,85.20000000000073,30.78787899999952,30.78787899999952,115.98787900000025,115.98787900000025,[85.2],[30.787879],[115.987879]
29902,[955],1,85.20000000000073,85.20000000000073,30.78787899999952,30.78787899999952,115.98787900000025,115.98787900000025,[85.2],[30.787879],[115.987879]
29903,[955],1,85.20000000000073,85.20000000000073,30.78787899999952,30.78787899999952,115.98787900000025,115.98787900000025,[85.2],[30.787879],[115.987879]
29904,[955 992],2,77.75,85.20000000000073,33.69393950000085,36.60000000000218,111.44393950000085,115.98787900000025,[85.2 70.3],[30.787879 36.6     ],[115.987879 106.9     ]
29905,[955 992],2,77.75,85.20000000000073,33.69393950000085,36.60000000000218,111.44393950000085,115.98787900000025,[85.2 70.3],[30.787879 36.6     ],[115.987879 106.9     ]
29906,[955 992],2,77.75,85.20000000000073,33.69393950000085,36.60000000000218,111.44393950000085,115.98787900000025,[85.2 70.3],[30.787879 36.6     ],[115.987879 106.9     ]
29907,[955 992],2,77.75,85.20000000000073,33.69393950000085,36.60000000000218,111.44393950000085,115.98787900000025,[85.2 70.3],[30.787879 36.6     ],[115.987879 106.9     ]
29908,[955 992],2,77.75,85.20000000000073,33.69393950000085,36.60000000000218,111.44393950000085,115.98787900000025,[85.2 70.3],[30.787879 36.6     ],[115.987879 106.9     ]
29909,[955 992],2,77.75,85.20000000000073,33.69393950000085,36.60000000000218,111.44393950000085,115.98787900000025,[85.2 70.3],[30.787879 36.6     ],[115.987879 106.9     ]
29910,[955 992],2,77.75,85.20000000000073,33.69393950000085,36.60000000000218,111.44393950000085,115.98787900000025,[85.2 70.3],[30.787879 36.6     ],[115.987879 106.9     ]
29911,[955 992],2,77.75,85.20000000000073,33.69393950000085,36.60000000000218,111.44393950000085,115.98787900000025,[85.2 70.3],[30.787879 36.6     ],[115.987879 106.9     ]
29912,[955 992],2,77.75,85.20000000000073,33.69393950000085,36.60000000000218,111.44393950000085,115.98787900000025,[85.2 70.3],[30.787879 36.6     ],[115.987879 106.9     ]
29913,[955 992],2,77.75,85.20000000000073,33.69393950000085,36.60000000000218,111.44393950000085,115.98787900000025,[85.2 70.3],[30.787879 36.6     ],[115.987879 106.9     ]
29914,[955 992],2,77.75,85.20000000000073,33.69393950000085,36.60000000000218,111.44393950000085,115.98787900000025,[85.2 70.3],[30.787879 36.6     ],[115.987879 106.9     ]
29915,[955 992],2,77.75,85.20000000000073,33.69393950000085,36.60000000000218,111.44393950000085,115.98787900000025,[85.2 70.3],[30.787879 36.6     ],[115.987879 106.9     ]
29916,[955 992],2,77.75,85.20000000000073,33.69393950000085,36.60000000000218,111.44393950000085,115.98787900000025,[85.2 70.3],[30.787879 36.6     ],[115.987879 106.9     ]
29917,[955 992],2,77.75,85.20000000000073,33.69393950000085,36.60000000000218,111.44393950000085,115.98787900000025,[85.2 70.3],[30.787879 36.6     ],[115.987879 106.9     ]
29918,[955 992],2,77.75,85.20000000000073,33.69393950000085,36.60000000000218,111.44393950000085,115.98787900000025,[85.2 70.3],[30.787879 36.6     ],[115.987879 106.9     ]
29919,[955 992],2,77.75,85.20000000000073,33.69393950000085,36.60000000000218,111.44393950000085,115.98787900000025,[85.2 70.3],[30.787879 36.6     ],[115.987879 106.9     ]
29920,[955 992],2,77.75,85.20000000000073,33.69393950000085,36.60000000000218,111.44393950000085,115.98787900000025,[85.2 70.3],[30.787879 36.6     ],[115.987879 106.9     ]
29921,[955 992],2,77.75,85.20000000000073,33.69393950000085,36.60000000000218,111.44393950000085,115.98787900000025,[85.2 70.3],[30.787879 36.6     ],[115.987879 106.9     ]
29922,[955 992],2,77.75,85.20000000000073,33.69393950000085,36.60000000000218,111.44393950000085,115.98787900000025,[85.2 70.3],[30.787879 36.6     ],[115.987879 106.9     ]
29923,[955 992],2,77.75,85.20000000000073,33.69393950000085,36.60000000000218,111.44393950000085,115.98787900000025,[85.2 70.3],[30.787879 36.6     ],[115.987879 106.9     ]
29924,[955 992],2,77.75,85.20000000000073,33.69393950000085,36.60000000000218,111.44393950000085,115.98787900000025,[85.2 70.3],[30.787879 36.6     ],[115.987879 106.9     ]
29925,[955 992],2,77.75,85.20000000000073,33.69393950000085,36.60000000000218,111.44393950000085,115.98787900000025,[85.2 70.3],[30.787879 36.6     ],[115.987879 106.9     ]
29926,[955 992],2,77.75,85.20000000000073,33.69393950000085,36.60000000000218,111.44393950000085,115.98787900000025,[85.2 70.3],[30.787879 36.6     ],[115.987879 106.9     ]
29927,[955 992],2,77.75,85.20000000000073,33.69393950000085,36.60000000000218,111.44393950000085,115.98787900000025,[85.2 70.3],[30.787879 36.6     ],[115.987879 106.9     ]
29928,[955 992],2,77.75,85.20000000000073,33.69393950000085,36.60000000000218,111.44393950000085,115.98787900000025,[85.2 70.3],[30.787879 36.6     ],[115.987879 106.9     ]
29929,[955 992],2,77.75,85.20000000000073,33.69393950000085,36.60000000000218,111.44393950000085,115.98787900000025,[85.2 70.3],[30.787879 36.6     ],[115.987879 106.9     ]
29930,[955 992],2,77.75,85.20000000000073,33.69393950000085,36.60000000000218,111.44393950000085,115.98787900000025,[85.2 70.3],[30.787879 36.6     ],[115.987879 106.9     ]
29931,[955 992],2,77.75,85.20000000000073,33.69393950000085,36.60000000000218,111.44393950000085,115.98787900000025,[85.2 70.3],[30.787879 36.6     ],[115.987879 106.9     ]
29932,[955 992],2,77.75,85.20000000000073,33.69393950000085,36.60000000000218,111.44393950000085,115.98787900000025,[85.2 70.3],[30.787879 36.6     ],[115.987879 106.9     ]
29933,[955 992],2,77.75,85.20000000000073,33.69393950000085,36.60000000000218,111.44393950000085,115.98787900000025,[85.2 70.3],[30.787879 36.6     ],[115.987879 106.9     ]
29934,[955 992],2,77.75,85.20000000000073,33.69393950000085,36.60000000000218,111.44393950000085,115.98787900000025,[85.2 70.3],[30.787879 36.6     ],[115.987879 106.9     ]
29935,[955 992],2,77.75,85.20000000000073,33.69393950000085,36.60000000000218,111.44393950000085,115.98787900000025,[85.2 70.3],[30.787879 36.6     ],[115.987879 106.9     ]
29936,[955 992],2,77.75,85.20000000000073,33.69393950000085,36.60000000000218,111.44393950000085,115.98787900000025,[85.2 70.3],[30.787879 36.6     ],[115.987879 106.9     ]
29937,[955 992],2,77.75,85.20000000000073,33.69393950000085,36.60000000000218,111.44393950000085,115.98787900000025,[85.2 70.3],[30.787879 36.6     ],[115.987879 106.9     ]
29938,[955 992],2,77.75,85.20000000000073,33.69393950000085,36.60000000000218,111.44393950000085,115.98787900000025,[85.2 70.3],[30.787879 36.6     ],[115.987879 106.9     ]
29939,[955 992],2,77.75,85.20000000000073,33.69393950000085,36.60000000000218,111.44393950000085,115.98787900000025,[85.2 70.3],[30.787879 36.6     ],[115.987879 106.9     ]
29940,[955 992],2,77.75,85.20000000000073,33.69393950000085,36.60000000000218,111.44393950000085,115.98787900000025,[85.2 70.3],[30.787879 36.6     ],[115.987879 106.9     ]
29941,[955 992],2,77.75,85.20000000000073,33.69393950000085,36.60000000000218,111.44393950000085,115.98787900000025,[85.2 70.3],[30.787879 36.6     ],[115.987879 106.9     ]
29942,[955 992],2,77.75,85.20000000000073,33.69393950000085,36.60000000000218,111.44393950000085,115.98787900000025,[85.2 70.3],[30.787879 36.6     ],[115.987879 106.9     ]
29943,[955 992],2,77.75,85.20000000000073,33.69393950000085,36.60000000000218,111.44393950000085,115.98787900000025,[85.2 70.3],[30.787879 36.6     ],[115.987879 106.9     ]
29944,[955 992],2,77.75,85.20000000000073,33.69393950000085,36.60000000000218,111.44393950000085,115.98787900000025,[85.2 70.3],[30.787879 36.6     ],[115.987879 106.9     ]
29945,[955 992],2,77.75,85.20000000000073,33.69393950000085,36.60000000000218,111.44393950000085,115.98787900000025,[85.2 70.3],[30.787879 36.6     ],[115.987879 106.9     ]
29946,[955 992],2,77.75,85.20000000000073,33.69393950000085,36.60000000000218,111.44393950000085,115.98787900000025,[85.2 70.3],[30.787879 36.6     ],[115.987879 106.9     ]
29947,[955 992],2,77.75,85.20000000000073,33.69393950000085,36.60000000000218,111.44393950000085,115.98787900000025,[85.2 70.3],[30.787879 36.6     ],[115.987879 106.9     ]
29948,[955 992],2,77.75,85.20000000000073,33.69393950000085,36.60000000000218,111.44393950000085,115.98787900000025,[85.2 70.3],[30.787879 36.6     ],[115.987879 106.9     ]
29949,[992],1,70.29999999999927,70.29999999999927,36.60000000000218,36.60000000000218,106.90000000000146,106.90000000000146,[70.3],[36.6],[106.9]
29950,[992],1,70.29999999999927,70.29999999999927,36.60000000000218,36.60000000000218,106.90000000000146,106.90000000000146,[70.3],[36.6],[106.9]
29951,[992],1,70.29999999999927,70.29999999999927,36.60000000000218,36.60000000000218,106.90000000000146,106.90000000000146,[70.3],[36.6],[106.9]
29952,[992],1,70.29999999999927,70.29999999999927,36.60000000000218,36.60000000000218,106.90000000000146,106.90000000000146,[70.3],[36.6],[106.9]
29953,[992],1,70.29999999999927,70.29999999999927,36.60000000000218,36.60000000000218,106.90000000000146,106.90000000000146,[70.3],[36.6],[106.9]
29954,[992],1,70.29999999999927,70.29999999999927,36.60000000000218,36.60000000000218,106.90000000000146,106.90000000000146,[70.3],[36.6],[106.9]
29955,[992],1,70.29999999999927,70.29999999999927,36.60000000000218,36.60000000000218,106.90000000000146,106.90000000000146,[70.3],[36.6],[106.9]
29956,[992],1,70.29999999999927,70.29999999999927,36.60000000000218,36.60000000000218,106.90000000000146,106.90000000000146,[70.3],[36.6],[106.9]
29957,[992],1,70.29999999999927,70.29999999999927,36.60000000000218,36.60000000000218,106.90000000000146,106.90000000000146,[70.3],[36.6],[106.9]
29958,[992],1,70.29999999999927,70.29999999999927,36.60000000000218,36.60000000000218,106.90000000000146,106.90000000000146,[70.3],[36.6],[106.9]
29959,[992],1,70.29999999999927,70.29999999999927,36.60000000000218,36.60000000000218,106.90000000000146,106.90000000000146,[70.3],[36.6],[106.9]
29960,[992],1,70.29999999999927,70.29999999999927,36.60000000000218,36.60000000000218,106.90000000000146,106.90000000000146,[70.3],[36.6],[106.9]
29961,[992],1,70.29999999999927,70.29999999999927,36.60000000000218,36.60000000000218,106.90000000000146,106.90000000000146,[70.3],[36.6],[106.9]
29962,[992],1,70.29999999999927,70.29999999999927,36.60000000000218,36.60000000000218,106.90000000000146,106.90000000000146,[70.3],[36.6],[106.9]
29963,[992],1,70.29999999999927,70.29999999999927,36.60000000000218,36.60000000000218,106.90000000000146,106.90000000000146,[70.3],[36.6],[106.9]
29964,[992],1,70.29999999999927,70.29999999999927,36.60000000000218,36.60000000000218,106.90000000000146,106.90000000000146,[70.3],[36.6],[106.9]
29965,[992],1,70.29999999999927,70.29999999999927,36.60000000000218,36.60000000000218,106.90000000000146,106.90000000000146,[70.3],[36.6],[106.9]
29966,[992],1,70.29999999999927,70.29999999999927,36.60000000000218,36.60000000000218,106.90000000000146,106.90000000000146,[70.3],[36.6],[106.9]
29967,[ 992 1044],2,38.79999999999927,70.29999999999927,36.60000000000218,36.60000000000218,75.40000000000146,106.90000000000146,[70.3  7.3],[36.6 36.6],[106.9  43.9]
29968,[ 992 1044],2,38.79999999999927,70.29999999999927,36.60000000000218,36.60000000000218,75.40000000000146,106.90000000000146,[70.3  7.3],[36.6 36.6],[106.9  43.9]
29969,[ 992 1044],2,38.79999999999927,70.29999999999927,36.60000000000218,36.60000000000218,75.40000000000146,106.90000000000146,[70.3  7.3],[36.6 36.6],[106.9  43.9]
29970,[ 992 1044],2,38.79999999999927,70.29999999999927,36.60000000000218,36.60000000000218,75.40000000000146,106.90000000000146,[70.3  7.3],[36.6 36.6],[106.9  43.9]
29971,[ 992 1044],2,38.79999999999927,70.29999999999927,36.60000000000218,36.60000000000218,75.40000000000146,106.90000000000146,[70.3  7.3],[36.6 36.6],[106.9  43.9]
29972,[ 992 1044],2,38.79999999999927,70.29999999999927,36.60000000000218,36.60000000000218,75.40000000000146,106.90000000000146,[70.3  7.3],[36.6 36.6],[106.9  43.9]
29973,[ 992 1044],2,38.79999999999927,70.29999999999927,36.60000000000218,36.60000000000218,75.40000000000146,106.90000000000146,[70.3  7.3],[36.6 36.6],[106.9  43.9]
29974,[ 992 1044],2,38.79999999999927,70.29999999999927,36.60000000000218,36.60000000000218,75.40000000000146,106.90000000000146,[70.3  7.3],[36.6 36.6],[106.9  43.9]
29975,[],0,0.0,0.0,0.0,0.0,0.0,0.0,[],[],[]
29976,[],0,0.0,0.0,0.0,0.0,0.0,0.0,[],[],[]
29977,[],0,0.0,0.0,0.0,0.0,0.0,0.0,[],[],[]
29978,[],0,0.0,0.0,0.0,0.0,0.0,0.0,[],[],[]
29979,[],0,0.0,0.0,0.0,0.0,0.0,0.0,[],[],[]
29980,[],0,0.0,0.0,0.0,0.0,0.0,0.0,[],[],[]
29981,[],0,0.0,0.0,0.0,0.0,0.0,0.0,[],[],[]
29982,[],0,0.0,0.0,0.0,0.0,0.0,0.0,[],[],[]
29983,[],0,0.0,0.0,0.0,0.0,0.0,0.0,[],[],[]
29984,[],0,0.0,0.0,0.0,0.0,0.0,0.0,[],[],[]
29985,[],0,0.0,0.0,0.0,0.0,0.0,0.0,[],[],[]
29986,[],0,0.0,0.0,0.0,0.0,0.0,0.0,[],[],[]
29987,[],0,0.0,0.0,0.0,0.0,0.0,0.0,[],[],[]
29988,[],0,0.0,0.0,0.0,0.0,0.0,0.0,[],[],[]
29989,[],0,0.0,0.0,0.0,0.0,0.0,0.0,[],[],[]
29990,[],0,0.0,0.0,0.0,0.0,0.0,0.0,[],[],[]
29991,[],0,0.0,0.0,0.0,0.0,0.0,0.0,[],[],[]
29992,[],0,0.0,0.0,0.0,0.0,0.0,0.0,[],[],[]
29993,[],0,0.0,0.0,0.0,0.0,0.0,0.0,[],[],[]
29994,[],0,0.0,0.0,0.0,0.0,0.0,0.0,[],[],[]
29995,[],0,0.0,0.0,0.0,0.0,0.0,0.0,[],[],[]
29996,[],0,0.0,0.0,0.0,0.0,0.0,0.0,[],[],[]
29997,[],0,0.0,0.0,0.0,0.0,0.0,0.0,[],[],[]
29998,[],0,0.0,0.0,0.0,0.0,0.0,0.0,[],[],[]
29999,[],0,0.0,0.0,0.0,0.0,0.0,0.0,[],[],[]
30000,[],0,0.0,0.0,0.0,0.0,0.0,0.0,[],[],[]
30001,[],0,0.0,0.0,0.0,0.0,0.0,0.0,[],[],[]
30002,[],0,0.0,0.0,0.0,0.0,0.0,0.0,[],[],[]
30003,[],0,0.0,0.0,0.0,0.0,0.0,0.0,[],[],[]
30004,[],0,0.0,0.0,0.0,0.0,0.0,0.0,[],[],[]
30005,[],0,0.0,0.0,0.0,0.0,0.0,0.0,[],[],[]
30006,[],0,0.0,0.0,0.0,0.0,0.0,0.0,[],[],[]
30007,[1072],1,68.90000000000146,68.90000000000146,36.599999999998545,36.599999999998545,105.5,105.5,[68.9],[36.6],[105.5]
30008,[1072],1,68.90000000000146,68.90000000000146,36.599999999998545,36.599999999998545,105.5,105.5,[68.9],[36.6],[105.5]
30009,[1072],1,68.90000000000146,68.90000000000146,36.599999999998545,36.599999999998545,105.5,105.5,[68.9],[36.6],[105.5]
30010,[1072],1,68.90000000000146,68.90000000000146,36.599999999998545,36.599999999998545,105.5,105.5,[68.9],[36.6],[105.5]
30011,[1072],1,68.90000000000146,68.90000000000146,36.599999999998545,36.599999999998545,105.5,105.5,[68.9],[36.6],[105.5]
30012,[1072],1,68.90000000000146,68.90000000000146,36.599999999998545,36.599999999998545,105.5,105.5,[68.9],[36.6],[105.5]
30013,[1072],1,68.90000000000146,68.90000000000146,36.599999999998545,36.599999999998545,105.5,105.5,[68.9],[36.6],[105.5]
30014,[1072],1,68.90000000000146,68.90000000000146,36.599999999998545,36.599999999998545,105.5,105.5,[68.9],[36.6],[105.5]
30015,[1072],1,68.90000000000146,68.90000000000146,36.599999999998545,36.599999999998545,105.5,105.5,[68.9],[36.6],[105.5]
30016,[1072],1,68.90000000000146,68.90000000000146,36.599999999998545,36.599999999998545,105.5,105.5,[68.9],[36.6],[105.5]
30017,[1072],1,68.90000000000146,68.90000000000146,36.599999999998545,36.599999999998545,105.5,105.5,[68.9],[36.6],[105.5]
30018,[1072],1,68.90000000000146,68.90000000000146,36.599999999998545,36.599999999998545,105.5,105.5,[68.9],[36.6],[105.5]
30019,[1072],1,68.90000000000146,68.90000000000146,36.599999999998545,36.599999999998545,105.5,105.5,[68.9],[36.6],[105.5]
30020,[1072],1,68.90000000000146,68.90000000000146,36.599999999998545,36.599999999998545,105.5,105.5,[68.9],[36.6],[105.5]
30021,[1072],1,68.90000000000146,68.90000000000146,36.599999999998545,36.599999999998545,105.5,105.5,[68.9],[36.6],[105.5]
30022,[1072],1,68.90000000000146,68.90000000000146,36.599999999998545,36.599999999998545,105.5,105.5,[68.9],[36.6],[105.5]
30023,[1072],1,68.90000000000146,68.90000000000146,36.599999999998545,36.599999999998545,105.5,105.5,[68.9],[36.6],[105.5]
30024,[1072],1,68.90000000000146,68.90000000000146,36.599999999998545,36.599999999998545,105.5,105.5,[68.9],[36.6],[105.5]
30025,[1072],1,68.90000000000146,68.90000000000146,36.599999999998545,36.599999999998545,105.5,105.5,[68.9],[36.6],[105.5]
30026,[1072],1,68.90000000000146,68.90000000000146,36.599999999998545,36.599999999998545,105.5,105.5,[68.9],[36.6],[105.5]
30027,[1072],1,68.90000000000146,68.90000000000146,36.599999999998545,36.599999999998545,105.5,105.5,[68.9],[36.6],[105.5]
30028,[1072],1,68.90000000000146,68.90000000000146,36.599999999998545,36.599999999998545,105.5,105.5,[68.9],[36.6],[105.5]
30029,[1072],1,68.90000000000146,68.90000000000146,36.599999999998545,36.599999999998545,105.5,105.5,[68.9],[36.6],[105.5]
30030,[1072],1,68.90000000000146,68.90000000000146,36.599999999998545,36.599999999998545,105.5,105.5,[68.9],[36.6],[105.5]
30031,[1072],1,68.90000000000146,68.90000000000146,36.599999999998545,36.599999999998545,105.5,105.5,[68.9],[36.6],[105.5]
30032,[1072],1,68.90000000000146,68.90000000000146,36.599999999998545,36.599999999998545,105.5,105.5,[68.9],[36.6],[105.5]
30033,[1072],1,68.90000000000146,68.90000000000146,36.599999999998545,36.599999999998545,105.5,105.5,[68.9],[36.6],[105.5]
30034,[1072],1,68.90000000000146,68.90000000000146,36.599999999998545,36.599999999998545,105.5,105.5,[68.9],[36.6],[105.5]
30035,[1072],1,68.90000000000146,68.90000000000146,36.599999999998545,36.599999999998545,105.5,105.5,[68.9],[36.6],[105.5]
30036,[1072],1,68.90000000000146,68.90000000000146,36.599999999998545,36.599999999998545,105.5,105.5,[68.9],[36.6],[105.5]
30037,[1072],1,68.90000000000146,68.90000000000146,36.599999999998545,36.599999999998545,105.5,105.5,[68.9],[36.6],[105.5]
30038,[1072],1,68.90000000000146,68.90000000000146,36.599999999998545,36.599999999998545,105.5,105.5,[68.9],[36.6],[105.5]
30039,[1072],1,68.90000000000146,68.90000000000146,36.599999999998545,36.599999999998545,105.5,105.5,[68.9],[36.6],[105.5]
30040,[1072],1,68.90000000000146,68.90000000000146,36.599999999998545,36.599999999998545,105.5,105.5,[68.9],[36.6],[105.5]
30041,[1072],1,68.90000000000146,68.90000000000146,36.599999999998545,36.599999999998545,105.5,105.5,[68.9],[36.6],[105.5]
30042,[1072],1,68.90000000000146,68.90000000000146,36.599999999998545,36.599999999998545,105.5,105.5,[68.9],[36.6],[105.5]
30043,[1072],1,68.90000000000146,68.90000000000146,36.599999999998545,36.599999999998545,105.5,105.5,[68.9],[36.6],[105.5]
30044,[1072],1,68.90000000000146,68.90000000000146,36.599999999998545,36.599999999998545,105.5,105.5,[68.9],[36.6],[105.5]
30045,[1072],1,68.90000000000146,68.90000000000146,36.599999999998545,36.599999999998545,105.5,105.5,[68.9],[36.6],[105.5]
30046,[1072],1,68.90000000000146,68.90000000000146,36.599999999998545,36.599999999998545,105.5,105.5,[68.9],[36.6],[105.5]
30047,[1072],1,68.90000000000146,68.90000000000146,36.599999999998545,36.599999999998545,105.5,105.5,[68.9],[36.6],[105.5]
30048,[1072],1,68.90000000000146,68.90000000000146,36.599999999998545,36.599999999998545,105.5,105.5,[68.9],[36.6],[105.5]
30049,[1072],1,68.90000000000146,68.90000000000146,36.599999999998545,36.599999999998545,105.5,105.5,[68.9],[36.6],[105.5]
30050,[1072],1,68.90000000000146,68.90000000000146,36.599999999998545,36.599999999998545,105.5,105.5,[68.9],[36.6],[105.5]
30051,[1072],1,68.90000000000146,68.90000000000146,36.599999999998545,36.599999999998545,105.5,105.5,[68.9],[36.6],[105.5]
30052,[1072],1,68.90000000000146,68.90000000000146,36.599999999998545,36.599999999998545,105.5,105.5,[68.9],[36.6],[105.5]
30053,[1072],1,68.90000000000146,68.90000000000146,36.599999999998545,36.599999999998545,105.5,105.5,[68.9],[36.6],[105.5]
30054,[1072],1,68.90000000000146,68.90000000000146,36.599999999998545,36.599999999998545,105.5,105.5,[68.9],[36.6],[105.5]
30055,[1072],1,68.90000000000146,68.90000000000146,36.599999999998545,36.599999999998545,105.5,105.5,[68.9],[36.6],[105.5]
30056,[1072],1,68.90000000000146,68.90000000000146,36.599999999998545,36.599999999998545,105.5,105.5,[68.9],[36.6],[105.5]
30057,[1072],1,68.90000000000146,68.90000000000146,36.599999999998545,36.599999999998545,105.5,105.5,[68.9],[36.6],[105.5]
30058,[1072],1,68.90000000000146,68.90000000000146,36.599999999998545,36.599999999998545,105.5,105.5,[68.9],[36.6],[105.5]
30059,[1072],1,68.90000000000146,68.90000000000146,36.599999999998545,36.599999999998545,105.5,105.5,[68.9],[36.6],[105.5]
30060,[1072],1,68.90000000000146,68.90000000000146,36.599999999998545,36.599999999998545,105.5,105.5,[68.9],[36.6],[105.5]
30061,[1072],1,68.90000000000146,68.90000000000146,36.599999999998545,36.599999999998545,105.5,105.5,[68.9],[36.6],[105.5]
30062,[1072],1,68.90000000000146,68.90000000000146,36.599999999998545,36.599999999998545,105.5,105.5,[68.9],[36.6],[105.5]
30063,[1072],1,68.90000000000146,68.90000000000146,36.599999999998545,36.599999999998545,105.5,105.5,[68.9],[36.6],[105.5]
30064,[1072],1,68.90000000000146,68.90000000000146,36.599999999998545,36.599999999998545,105.5,105.5,[68.9],[36.6],[105.5]
30065,[1072],1,68.90000000000146,68.90000000000146,36.599999999998545,36.599999999998545,105.5,105.5,[68.9],[36.6],[105.5]
30066,[1072],1,68.90000000000146,68.90000000000146,36.599999999998545,36.599999999998545,105.5,105.5,[68.9],[36.6],[105.5]
30067,[1072],1,68.90000000000146,68.90000000000146,36.599999999998545,36.599999999998545,105.5,105.5,[68.9],[36.6],[105.5]
30068,[1072],1,68.90000000000146,68.90000000000146,36.599999999998545,36.599999999998545,105.5,105.5,[68.9],[36.6],[105.5]
30069,[1072],1,68.90000000000146,68.90000000000146,36.599999999998545,36.599999999998545,105.5,105.5,[68.9],[36.6],[105.5]
30070,[1072],1,68.90000000000146,68.90000000000146,36.599999999998545,36.599999999998545,105.5,105.5,[68.9],[36.6],[105.5]
30071,[1072],1,68.90000000000146,68.90000000000146,36.599999999998545,36.599999999998545,105.5,105.5,[68.9],[36.6],[105.5]
30072,[1072],1,68.90000000000146,68.90000000000146,36.599999999998545,36.599999999998545,105.5,105.5,[68.9],[36.6],[105.5]
30073,[1072 1114],2,70.10000000000036,71.29999999999927,33.149999999999636,36.599999999998545,103.25,105.5,[68.9 71.3],[36.6 29.7],[105.5 101. ]
30074,[1072 1114],2,70.10000000000036,71.29999999999927,33.149999999999636,36.599999999998545,103.25,105.5,[68.9 71.3],[36.6 29.7],[105.5 101. ]
30075,[1072 1114],2,70.10000000000036,71.29999999999927,33.149999999999636,36.599999999998545,103.25,105.5,[68.9 71.3],[36.6 29.7],[105.5 101. ]
30076,[1114],1,71.29999999999927,71.29999999999927,29.700000000000728,29.700000000000728,101.0,101.0,[71.3],[29.7],[101.]
30077,[1114],1,71.29999999999927,71.29999999999927,29.700000000000728,29.700000000000728,101.0,101.0,[71.3],[29.7],[101.]
30078,[1114],1,71.29999999999927,71.29999999999927,29.700000000000728,29.700000000000728,101.0,101.0,[71.3],[29.7],[101.]
30079,[1114],1,71.29999999999927,71.29999999999927,29.700000000000728,29.700000000000728,101.0,101.0,[71.3],[29.7],[101.]
30080,[1114],1,71.29999999999927,71.29999999999927,29.700000000000728,29.700000000000728,101.0,101.0,[71.3],[29.7],[101.]
30081,[1114],1,71.29999999999927,71.29999999999927,29.700000000000728,29.700000000000728,101.0,101.0,[71.3],[29.7],[101.]
30082,[1114],1,71.29999999999927,71.29999999999927,29.700000000000728,29.700000000000728,101.0,101.0,[71.3],[29.7],[101.]
30083,[1114],1,71.29999999999927,71.29999999999927,29.700000000000728,29.700000000000728,101.0,101.0,[71.3],[29.7],[101.]
30084,[1114],1,71.29999999999927,71.29999999999927,29.700000000000728,29.700000000000728,101.0,101.0,[71.3],[29.7],[101.]
30085,[1114],1,71.29999999999927,71.29999999999927,29.700000000000728,29.700000000000728,101.0,101.0,[71.3],[29.7],[101.]
30086,[1114],1,71.29999999999927,71.29999999999927,29.700000000000728,29.700000000000728,101.0,101.0,[71.3],[29.7],[101.]
30087,[1114],1,71.29999999999927,71.29999999999927,29.700000000000728,29.700000000000728,101.0,101.0,[71.3],[29.7],[101.]
30088,[1114],1,71.29999999999927,71.29999999999927,29.700000000000728,29.700000000000728,101.0,101.0,[71.3],[29.7],[101.]
30089,[1114],1,71.29999999999927,71.29999999999927,29.700000000000728,29.700000000000728,101.0,101.0,[71.3],[29.7],[101.]
30090,[1114],1,71.29999999999927,71.29999999999927,29.700000000000728,29.700000000000728,101.0,101.0,[71.3],[29.7],[101.]
30091,[1114],1,71.29999999999927,71.29999999999927,29.700000000000728,29.700000000000728,101.0,101.0,[71.3],[29.7],[101.]
30092,[1114],1,71.29999999999927,71.29999999999927,29.700000000000728,29.700000000000728,101.0,101.0,[71.3],[29.7],[101.]
30093,[1114],1,71.29999999999927,71.29999999999927,29.700000000000728,29.700000000000728,101.0,101.0,[71.3],[29.7],[101.]
30094,[1114],1,71.29999999999927,71.29999999999927,29.700000000000728,29.700000000000728,101.0,101.0,[71.3],[29.7],[101.]
30095,[1114],1,71.29999999999927,71.29999999999927,29.700000000000728,29.700000000000728,101.0,101.0,[71.3],[29.7],[101.]
30096,[1114],1,71.29999999999927,71.29999999999927,29.700000000000728,29.700000000000728,101.0,101.0,[71.3],[29.7],[101.]
30097,[1114],1,71.29999999999927,71.29999999999927,29.700000000000728,29.700000000000728,101.0,101.0,[71.3],[29.7],[101.]
30098,[1114],1,71.29999999999927,71.29999999999927,29.700000000000728,29.700000000000728,101.0,101.0,[71.3],[29.7],[101.]
30099,[1114],1,71.29999999999927,71.29999999999927,29.700000000000728,29.700000000000728,101.0,101.0,[71.3],[29.7],[101.]
30100,[1114],1,71.29999999999927,71.29999999999927,29.700000000000728,29.700000000000728,101.0,101.0,[71.3],[29.7],[101.]
30101,[1114],1,71.29999999999927,71.29999999999927,29.700000000000728,29.700000000000728,101.0,101.0,[71.3],[29.7],[101.]
30102,[1114],1,71.29999999999927,71.29999999999927,29.700000000000728,29.700000000000728,101.0,101.0,[71.3],[29.7],[101.]
30103,[1114],1,71.29999999999927,71.29999999999927,29.700000000000728,29.700000000000728,101.0,101.0,[71.3],[29.7],[101.]
30104,[1114],1,71.29999999999927,71.29999999999927,29.700000000000728,29.700000000000728,101.0,101.0,[71.3],[29.7],[101.]
30105,[1114],1,71.29999999999927,71.29999999999927,29.700000000000728,29.700000000000728,101.0,101.0,[71.3],[29.7],[101.]
30106,[1114],1,71.29999999999927,71.29999999999927,29.700000000000728,29.700000000000728,101.0,101.0,[71.3],[29.7],[101.]
30107,[1114],1,71.29999999999927,71.29999999999927,29.700000000000728,29.700000000000728,101.0,101.0,[71.3],[29.7],[101.]
30108,[1114],1,71.29999999999927,71.29999999999927,29.700000000000728,29.700000000000728,101.0,101.0,[71.3],[29.7],[101.]
30109,[1114],1,71.29999999999927,71.29999999999927,29.700000000000728,29.700000000000728,101.0,101.0,[71.3],[29.7],[101.]
30110,[1114],1,71.29999999999927,71.29999999999927,29.700000000000728,29.700000000000728,101.0,101.0,[71.3],[29.7],[101.]
30111,[1114],1,71.29999999999927,71.29999999999927,29.700000000000728,29.700000000000728,101.0,101.0,[71.3],[29.7],[101.]
30112,[1114],1,71.29999999999927,71.29999999999927,29.700000000000728,29.700000000000728,101.0,101.0,[71.3],[29.7],[101.]
30113,[1114],1,71.29999999999927,71.29999999999927,29.700000000000728,29.700000000000728,101.0,101.0,[71.3],[29.7],[101.]
30114,[1114],1,71.29999999999927,71.29999999999927,29.700000000000728,29.700000000000728,101.0,101.0,[71.3],[29.7],[101.]
30115,[1114],1,71.29999999999927,71.29999999999927,29.700000000000728,29.700000000000728,101.0,101.0,[71.3],[29.7],[101.]
30116,[1114],1,71.29999999999927,71.29999999999927,29.700000000000728,29.700000000000728,101.0,101.0,[71.3],[29.7],[101.]
30117,[1114],1,71.29999999999927,71.29999999999927,29.700000000000728,29.700000000000728,101.0,101.0,[71.3],[29.7],[101.]
30118,[1114],1,71.29999999999927,71.29999999999927,29.700000000000728,29.700000000000728,101.0,101.0,[71.3],[29.7],[101.]
30119,[1114],1,71.29999999999927,71.29999999999927,29.700000000000728,29.700000000000728,101.0,101.0,[71.3],[29.7],[101.]
30120,[1114],1,71.29999999999927,71.29999999999927,29.700000000000728,29.700000000000728,101.0,101.0,[71.3],[29.7],[101.]
30121,[1114],1,71.29999999999927,71.29999999999927,29.700000000000728,29.700000000000728,101.0,101.0,[71.3],[29.7],[101.]
30122,[1114],1,71.29999999999927,71.29999999999927,29.700000000000728,29.700000000000728,101.0,101.0,[71.3],[29.7],[101.]
30123,[1114],1,71.29999999999927,71.29999999999927,29.700000000000728,29.700000000000728,101.0,101.0,[71.3],[29.7],[101.]
30124,[1114],1,71.29999999999927,71.29999999999927,29.700000000000728,29.700000000000728,101.0,101.0,[71.3],[29.7],[101.]
30125,[1114],1,71.29999999999927,71.29999999999927,29.700000000000728,29.700000000000728,101.0,101.0,[71.3],[29.7],[101.]
30126,[1114],1,71.29999999999927,71.29999999999927,29.700000000000728,29.700000000000728,101.0,101.0,[71.3],[29.7],[101.]
30127,[1114],1,71.29999999999927,71.29999999999927,29.700000000000728,29.700000000000728,101.0,101.0,[71.3],[29.7],[101.]
30128,[1114],1,71.29999999999927,71.29999999999927,29.700000000000728,29.700000000000728,101.0,101.0,[71.3],[29.7],[101.]
30129,[1114],1,71.29999999999927,71.29999999999927,29.700000000000728,29.700000000000728,101.0,101.0,[71.3],[29.7],[101.]
30130,[1114],1,71.29999999999927,71.29999999999927,29.700000000000728,29.700000000000728,101.0,101.0,[71.3],[29.7],[101.]
30131,[1114],1,71.29999999999927,71.29999999999927,29.700000000000728,29.700000000000728,101.0,101.0,[71.3],[29.7],[101.]
30132,[1114],1,71.29999999999927,71.29999999999927,29.700000000000728,29.700000000000728,101.0,101.0,[71.3],[29.7],[101.]
30133,[1114],1,71.29999999999927,71.29999999999927,29.700000000000728,29.700000000000728,101.0,101.0,[71.3],[29.7],[101.]
30134,[1114],1,71.29999999999927,71.29999999999927,29.700000000000728,29.700000000000728,101.0,101.0,[71.3],[29.7],[101.]
30135,[1114],1,71.29999999999927,71.29999999999927,29.700000000000728,29.700000000000728,101.0,101.0,[71.3],[29.7],[101.]
30136,[1114],1,71.29999999999927,71.29999999999927,29.700000000000728,29.700000000000728,101.0,101.0,[71.3],[29.7],[101.]
30137,[1114],1,71.29999999999927,71.29999999999927,29.700000000000728,29.700000000000728,101.0,101.0,[71.3],[29.7],[101.]
30138,[1114],1,71.29999999999927,71.29999999999927,29.700000000000728,29.700000000000728,101.0,101.0,[71.3],[29.7],[101.]
30139,[1114],1,71.29999999999927,71.29999999999927,29.700000000000728,29.700000000000728,101.0,101.0,[71.3],[29.7],[101.]
30140,[1114],1,71.29999999999927,71.29999999999927,29.700000000000728,29.700000000000728,101.0,101.0,[71.3],[29.7],[101.]
30141,[1114],1,71.29999999999927,71.29999999999927,29.700000000000728,29.700000000000728,101.0,101.0,[71.3],[29.7],[101.]
30142,[1114],1,71.29999999999927,71.29999999999927,29.700000000000728,29.700000000000728,101.0,101.0,[71.3],[29.7],[101.]
30143,[1114],1,71.29999999999927,71.29999999999927,29.700000000000728,29.700000000000728,101.0,101.0,[71.3],[29.7],[101.]
30144,[1114],1,71.29999999999927,71.29999999999927,29.700000000000728,29.700000000000728,101.0,101.0,[71.3],[29.7],[101.]
30145,[],0,0.0,0.0,0.0,0.0,0.0,0.0,[],[],[]
30146,[],0,0.0,0.0,0.0,0.0,0.0,0.0,[],[],[]
30147,[],0,0.0,0.0,0.0,0.0,0.0,0.0,[],[],[]
30148,[],0,0.0,0.0,0.0,0.0,0.0,0.0,[],[],[]
30149,[],0,0.0,0.0,0.0,0.0,0.0,0.0,[],[],[]
30150,[],0,0.0,0.0,0.0,0.0,0.0,0.0,[],[],[]
30151,[],0,0.0,0.0,0.0,0.0,0.0,0.0,[],[],[]
30152,[],0,0.0,0.0,0.0,0.0,0.0,0.0,[],[],[]
30153,[],0,0.0,0.0,0.0,0.0,0.0,0.0,[],[],[]
30154,[],0,0.0,0.0,0.0,0.0,0.0,0.0,[],[],[]
30155,[],0,0.0,0.0,0.0,0.0,0.0,0.0,[],[],[]
30156,[],0,0.0,0.0,0.0,0.0,0.0,0.0,[],[],[]
30157,[],0,0.0,0.0,0.0,0.0,0.0,0.0,[],[],[]
30158,[],0,0.0,0.0,0.0,0.0,0.0,0.0,[],[],[]
30159,[],0,0.0,0.0,0.0,0.0,0.0,0.0,[],[],[]
30160,[],0,0.0,0.0,0.0,0.0,0.0,0.0,[],[],[]
30161,[],0,0.0,0.0,0.0,0.0,0.0,0.0,[],[],[]
30162,[],0,0.0,0.0,0.0,0.0,0.0,0.0,[],[],[]
30163,[],0,0.0,0.0,0.0,0.0,0.0,0.0,[],[],[]
30164,[],0,0.0,0.0,0.0,0.0,0.0,0.0,[],[],[]
30165,[],0,0.0,0.0,0.0,0.0,0.0,0.0,[],[],[]
30166,[],0,0.0,0.0,0.0,0.0,0.0,0.0,[],[],[]
30167,[],0,0.0,0.0,0.0,0.0,0.0,0.0,[],[],[]
30168,[],0,0.0,0.0,0.0,0.0,0.0,0.0,[],[],[]
30169,[],0,0.0,0.0,0.0,0.0,0.0,0.0,[],[],[]
30170,[1190],1,16.099999999998545,16.099999999998545,46.5,46.5,62.599999999998545,62.599999999998545,[16.1],[46.5],[62.6]
30171,[1190],1,16.099999999998545,16.099999999998545,46.5,46.5,62.599999999998545,62.599999999998545,[16.1],[46.5],[62.6]
30172,[1190],1,16.099999999998545,16.099999999998545,46.5,46.5,62.599999999998545,62.599999999998545,[16.1],[46.5],[62.6]
30173,[1190],1,16.099999999998545,16.099999999998545,46.5,46.5,62.599999999998545,62.599999999998545,[16.1],[46.5],[62.6]
30174,[1190],1,16.099999999998545,16.099999999998545,46.5,46.5,62.599999999998545,62.599999999998545,[16.1],[46.5],[62.6]
30175,[1190],1,16.099999999998545,16.099999999998545,46.5,46.5,62.599999999998545,62.599999999998545,[16.1],[46.5],[62.6]
30176,[1190],1,16.099999999998545,16.099999999998545,46.5,46.5,62.599999999998545,62.599999999998545,[16.1],[46.5],[62.6]
30177,[1190],1,16.099999999998545,16.099999999998545,46.5,46.5,62.599999999998545,62.599999999998545,[16.1],[46.5],[62.6]
30178,[1190],1,16.099999999998545,16.099999999998545,46.5,46.5,62.599999999998545,62.599999999998545,[16.1],[46.5],[62.6]
30179,[1190],1,16.099999999998545,16.099999999998545,46.5,46.5,62.599999999998545,62.599999999998545,[16.1],[46.5],[62.6]
30180,[1190],1,16.099999999998545,16.099999999998545,46.5,46.5,62.599999999998545,62.599999999998545,[16.1],[46.5],[62.6]
30181,[1190],1,16.099999999998545,16.099999999998545,46.5,46.5,62.599999999998545,62.599999999998545,[16.1],[46.5],[62.6]
30182,[1190],1,16.099999999998545,16.099999999998545,46.5,46.5,62.599999999998545,62.599999999998545,[16.1],[46.5],[62.6]
30183,[1190],1,16.099999999998545,16.099999999998545,46.5,46.5,62.599999999998545,62.599999999998545,[16.1],[46.5],[62.6]
30184,[1190],1,16.099999999998545,16.099999999998545,46.5,46.5,62.599999999998545,62.599999999998545,[16.1],[46.5],[62.6]
30185,[1190],1,16.099999999998545,16.099999999998545,46.5,46.5,62.599999999998545,62.599999999998545,[16.1],[46.5],[62.6]
30186,[1190],1,16.099999999998545,16.099999999998545,46.5,46.5,62.599999999998545,62.599999999998545,[16.1],[46.5],[62.6]
30187,[],0,0.0,0.0,0.0,0.0,0.0,0.0,[],[],[]
30188,[],0,0.0,0.0,0.0,0.0,0.0,0.0,[],[],[]
30189,[],0,0.0,0.0,0.0,0.0,0.0,0.0,[],[],[]
30190,[],0,0.0,0.0,0.0,0.0,0.0,0.0,[],[],[]
30191,[],0,0.0,0.0,0.0,0.0,0.0,0.0,[],[],[]
30192,[],0,0.0,0.0,0.0,0.0,0.0,0.0,[],[],[]
30193,[],0,0.0,0.0,0.0,0.0,0.0,0.0,[],[],[]
30194,[],0,0.0,0.0,0.0,0.0,0.0,0.0,[],[],[]
30195,[],0,0.0,0.0,0.0,0.0,0.0,0.0,[],[],[]
30196,[],0,0.0,0.0,0.0,0.0,0.0,0.0,[],[],[]
30197,[],0,0.0,0.0,0.0,0.0,0.0,0.0,[],[],[]
30198,[],0,0.0,0.0,0.0,0.0,0.0,0.0,[],[],[]
30199,[],0,0.0,0.0,0.0,0.0,0.0,0.0,[],[],[]
30200,[],0,0.0,0.0,0.0,0.0,0.0,0.0,[],[],[]
30201,[],0,0.0,0.0,0.0,0.0,0.0,0.0,[],[],[]
30202,[],0,0.0,0.0,0.0,0.0,0.0,0.0,[],[],[]
30203,[],0,0.0,0.0,0.0,0.0,0.0,0.0,[],[],[]
30204,[],0,0.0,0.0,0.0,0.0,0.0,0.0,[],[],[]
30205,[],0,0.0,0.0,0.0,0.0,0.0,0.0,[],[],[]
30206,[],0,0.0,0.0,0.0,0.0,0.0,0.0,[],[],[]
30207,[],0,0.0,0.0,0.0,0.0,0.0,0.0,[],[],[]
30208,[],0,0.0,0.0,0.0,0.0,0.0,0.0,[],[],[]
30209,[],0,0.0,0.0,0.0,0.0,0.0,0.0,[],[],[]
30210,[],0,0.0,0.0,0.0,0.0,0.0,0.0,[],[],[]
30211,[],0,0.0,0.0,0.0,0.0,0.0,0.0,[],[],[]
30212,[],0,0.0,0.0,0.0,0.0,0.0,0.0,[],[],[]
30213,[],0,0.0,0.0,0.0,0.0,0.0,0.0,[],[],[]
30214,[],0,0.0,0.0,0.0,0.0,0.0,0.0,[],[],[]
30215,[],0,0.0,0.0,0.0,0.0,0.0,0.0,[],[],[]
30216,[],0,0.0,0.0,0.0,0.0,0.0,0.0,[],[],[]
30217,[],0,0.0,0.0,0.0,0.0,0.0,0.0,[],[],[]
30218,[],0,0.0,0.0,0.0,0.0,0.0,0.0,[],[],[]
30219,[],0,0.0,0.0,0.0,0.0,0.0,0.0,[],[],[]
30220,[],0,0.0,0.0,0.0,0.0,0.0,0.0,[],[],[]
30221,[],0,0.0,0.0,0.0,0.0,0.0,0.0,[],[],[]
30222,[],0,0.0,0.0,0.0,0.0,0.0,0.0,[],[],[]
30223,[],0,0.0,0.0,0.0,0.0,0.0,0.0,[],[],[]
30224,[],0,0.0,0.0,0.0,0.0,0.0,0.0,[],[],[]
30225,[],0,0.0,0.0,0.0,0.0,0.0,0.0,[],[],[]
30226,[],0,0.0,0.0,0.0,0.0,0.0,0.0,[],[],[]
30227,[],0,0.0,0.0,0.0,0.0,0.0,0.0,[],[],[]
30228,[],0,0.0,0.0,0.0,0.0,0.0,0.0,[],[],[]
30229,[],0,0.0,0.0,0.0,0.0,0.0,0.0,[],[],[]
30230,[],0,0.0,0.0,0.0,0.0,0.0,0.0,[],[],[]
30231,[],0,0.0,0.0,0.0,0.0,0.0,0.0,[],[],[]
30232,[],0,0.0,0.0,0.0,0.0,0.0,0.0,[],[],[]
30233,[],0,0.0,0.0,0.0,0.0,0.0,0.0,[],[],[]
30234,[],0,0.0,0.0,0.0,0.0,0.0,0.0,[],[],[]
30235,[],0,0.0,0.0,0.0,0.0,0.0,0.0,[],[],[]
30236,[],0,0.0,0.0,0.0,0.0,0.0,0.0,[],[],[]
30237,[],0,0.0,0.0,0.0,0.0,0.0,0.0,[],[],[]
30238,[],0,0.0,0.0,0.0,0.0,0.0,0.0,[],[],[]
30239,[],0,0.0,0.0,0.0,0.0,0.0,0.0,[],[],[]
30240,[],0,0.0,0.0,0.0,0.0,0.0,0.0,[],[],[]
30241,[],0,0.0,0.0,0.0,0.0,0.0,0.0,[],[],[]
30242,[],0,0.0,0.0,0.0,0.0,0.0,0.0,[],[],[]
30243,[],0,0.0,0.0,0.0,0.0,0.0,0.0,[],[],[]
30244,[],0,0.0,0.0,0.0,0.0,0.0,0.0,[],[],[]
30245,[],0,0.0,0.0,0.0,0.0,0.0,0.0,[],[],[]
30246,[],0,0.0,0.0,0.0,0.0,0.0,0.0,[],[],[]
30247,[],0,0.0,0.0,0.0,0.0,0.0,0.0,[],[],[]
30248,[],0,0.0,0.0,0.0,0.0,0.0,0.0,[],[],[]
30249,[],0,0.0,0.0,0.0,0.0,0.0,0.0,[],[],[]
30250,[],0,0.0,0.0,0.0,0.0,0.0,0.0,[],[],[]
30251,[],0,0.0,0.0,0.0,0.0,0.0,0.0,[],[],[]
30252,[],0,0.0,0.0,0.0,0.0,0.0,0.0,[],[],[]
30253,[],0,0.0,0.0,0.0,0.0,0.0,0.0,[],[],[]
30254,[],0,0.0,0.0,0.0,0.0,0.0,0.0,[],[],[]
30255,[],0,0.0,0.0,0.0,0.0,0.0,0.0,[],[],[]
30256,[],0,0.0,0.0,0.0,0.0,0.0,0.0,[],[],[]
30257,[],0,0.0,0.0,0.0,0.0,0.0,0.0,[],[],[]
30258,[],0,0.0,0.0,0.0,0.0,0.0,0.0,[],[],[]
30259,[],0,0.0,0.0,0.0,0.0,0.0,0.0,[],[],[]
30260,[],0,0.0,0.0,0.0,0.0,0.0,0.0,[],[],[]
30261,[],0,0.0,0.0,0.0,0.0,0.0,0.0,[],[],[]
30262,[],0,0.0,0.0,0.0,0.0,0.0,0.0,[],[],[]
30263,[],0,0.0,0.0,0.0,0.0,0.0,0.0,[],[],[]
30264,[],0,0.0,0.0,0.0,0.0,0.0,0.0,[],[],[]
30265,[],0,0.0,0.0,0.0,0.0,0.0,0.0,[],[],[]
30266,[],0,0.0,0.0,0.0,0.0,0.0,0.0,[],[],[]
30267,[],0,0.0,0.0,0.0,0.0,0.0,0.0,[],[],[]
30268,[],0,0.0,0.0,0.0,0.0,0.0,0.0,[],[],[]
30269,[],0,0.0,0.0,0.0,0.0,0.0,0.0,[],[],[]
30270,[],0,0.0,0.0,0.0,0.0,0.0,0.0,[],[],[]
30271,[],0,0.0,0.0,0.0,0.0,0.0,0.0,[],[],[]
30272,[],0,0.0,0.0,0.0,0.0,0.0,0.0,[],[],[]
30273,[],0,0.0,0.0,0.0,0.0,0.0,0.0,[],[],[]
30274,[],0,0.0,0.0,0.0,0.0,0.0,0.0,[],[],[]
30275,[],0,0.0,0.0,0.0,0.0,0.0,0.0,[],[],[]
30276,[],0,0.0,0.0,0.0,0.0,0.0,0.0,[],[],[]
30277,[],0,0.0,0.0,0.0,0.0,0.0,0.0,[],[],[]
30278,[],0,0.0,0.0,0.0,0.0,0.0,0.0,[],[],[]
30279,[],0,0.0,0.0,0.0,0.0,0.0,0.0,[],[],[]
30280,[],0,0.0,0.0,0.0,0.0,0.0,0.0,[],[],[]
30281,[],0,0.0,0.0,0.0,0.0,0.0,0.0,[],[],[]
30282,[],0,0.0,0.0,0.0,0.0,0.0,0.0,[],[],[]
30283,[],0,0.0,0.0,0.0,0.0,0.0,0.0,[],[],[]
30284,[],0,0.0,0.0,0.0,0.0,0.0,0.0,[],[],[]
30285,[],0,0.0,0.0,0.0,0.0,0.0,0.0,[],[],[]
30286,[],0,0.0,0.0,0.0,0.0,0.0,0.0,[],[],[]
30287,[],0,0.0,0.0,0.0,0.0,0.0,0.0,[],[],[]
30288,[],0,0.0,0.0,0.0,0.0,0.0,0.0,[],[],[]
30289,[],0,0.0,0.0,0.0,0.0,0.0,0.0,[],[],[]
30290,[],0,0.0,0.0,0.0,0.0,0.0,0.0,[],[],[]
30291,[],0,0.0,0.0,0.0,0.0,0.0,0.0,[],[],[]
30292,[],0,0.0,0.0,0.0,0.0,0.0,0.0,[],[],[]
30293,[],0,0.0,0.0,0.0,0.0,0.0,0.0,[],[],[]
30294,[],0,0.0,0.0,0.0,0.0,0.0,0.0,[],[],[]
30295,[],0,0.0,0.0,0.0,0.0,0.0,0.0,[],[],[]
30296,[],0,0.0,0.0,0.0,0.0,0.0,0.0,[],[],[]
30297,[],0,0.0,0.0,0.0,0.0,0.0,0.0,[],[],[]
30298,[],0,0.0,0.0,0.0,0.0,0.0,0.0,[],[],[]
30299,[],0,0.0,0.0,0.0,0.0,0.0,0.0,[],[],[]
30300,[],0,0.0,0.0,0.0,0.0,0.0,0.0,[],[],[]
30301,[],0,0.0,0.0,0.0,0.0,0.0,0.0,[],[],[]
30302,[],0,0.0,0.0,0.0,0.0,0.0,0.0,[],[],[]
30303,[],0,0.0,0.0,0.0,0.0,0.0,0.0,[],[],[]
30304,[],0,0.0,0.0,0.0,0.0,0.0,0.0,[],[],[]
30305,[],0,0.0,0.0,0.0,0.0,0.0,0.0,[],[],[]
30306,[],0,0.0,0.0,0.0,0.0,0.0,0.0,[],[],[]
30307,[],0,0.0,0.0,0.0,0.0,0.0,0.0,[],[],[]
30308,[],0,0.0,0.0,0.0,0.0,0.0,0.0,[],[],[]
30309,[],0,0.0,0.0,0.0,0.0,0.0,0.0,[],[],[]
30310,[],0,0.0,0.0,0.0,0.0,0.0,0.0,[],[],[]
30311,[],0,0.0,0.0,0.0,0.0,0.0,0.0,[],[],[]
30312,[],0,0.0,0.0,0.0,0.0,0.0,0.0,[],[],[]
30313,[],0,0.0,0.0,0.0,0.0,0.0,0.0,[],[],[]
30314,[],0,0.0,0.0,0.0,0.0,0.0,0.0,[],[],[]
30315,[],0,0.0,0.0,0.0,0.0,0.0,0.0,[],[],[]
30316,[],0,0.0,0.0,0.0,0.0,0.0,0.0,[],[],[]
30317,[],0,0.0,0.0,0.0,0.0,0.0,0.0,[],[],[]
30318,[],0,0.0,0.0,0.0,0.0,0.0,0.0,[],[],[]
30319,[],0,0.0,0.0,0.0,0.0,0.0,0.0,[],[],[]
30320,[],0,0.0,0.0,0.0,0.0,0.0,0.0,[],[],[]
30321,[],0,0.0,0.0,0.0,0.0,0.0,0.0,[],[],[]
30322,[],0,0.0,0.0,0.0,0.0,0.0,0.0,[],[],[]
30323,[],0,0.0,0.0,0.0,0.0,0.0,0.0,[],[],[]
30324,[],0,0.0,0.0,0.0,0.0,0.0,0.0,[],[],[]
30325,[],0,0.0,0.0,0.0,0.0,0.0,0.0,[],[],[]
30326,[],0,0.0,0.0,0.0,0.0,0.0,0.0,[],[],[]
30327,[],0,0.0,0.0,0.0,0.0,0.0,0.0,[],[],[]
30328,[],0,0.0,0.0,0.0,0.0,0.0,0.0,[],[],[]
30329,[],0,0.0,0.0,0.0,0.0,0.0,0.0,[],[],[]
30330,[],0,0.0,0.0,0.0,0.0,0.0,0.0,[],[],[]
30331,[],0,0.0,0.0,0.0,0.0,0.0,0.0,[],[],[]
30332,[],0,0.0,0.0,0.0,0.0,0.0,0.0,[],[],[]
30333,[],0,0.0,0.0,0.0,0.0,0.0,0.0,[],[],[]
30334,[],0,0.0,0.0,0.0,0.0,0.0,0.0,[],[],[]
30335,[],0,0.0,0.0,0.0,0.0,0.0,0.0,[],[],[]
30336,[],0,0.0,0.0,0.0,0.0,0.0,0.0,[],[],[]
30337,[],0,0.0,0.0,0.0,0.0,0.0,0.0,[],[],[]
30338,[],0,0.0,0.0,0.0,0.0,0.0,0.0,[],[],[]
30339,[],0,0.0,0.0,0.0,0.0,0.0,0.0,[],[],[]
30340,[],0,0.0,0.0,0.0,0.0,0.0,0.0,[],[],[]
30341,[],0,0.0,0.0,0.0,0.0,0.0,0.0,[],[],[]
30342,[],0,0.0,0.0,0.0,0.0,0.0,0.0,[],[],[]
30343,[],0,0.0,0.0,0.0,0.0,0.0,0.0,[],[],[]
30344,[],0,0.0,0.0,0.0,0.0,0.0,0.0,[],[],[]
30345,[],0,0.0,0.0,0.0,0.0,0.0,0.0,[],[],[]
30346,[],0,0.0,0.0,0.0,0.0,0.0,0.0,[],[],[]
30347,[],0,0.0,0.0,0.0,0.0,0.0,0.0,[],[],[]
30348,[],0,0.0,0.0,0.0,0.0,0.0,0.0,[],[],[]
30349,[],0,0.0,0.0,0.0,0.0,0.0,0.0,[],[],[]
30350,[],0,0.0,0.0,0.0,0.0,0.0,0.0,[],[],[]
30351,[],0,0.0,0.0,0.0,0.0,0.0,0.0,[],[],[]
30352,[],0,0.0,0.0,0.0,0.0,0.0,0.0,[],[],[]
30353,[],0,0.0,0.0,0.0,0.0,0.0,0.0,[],[],[]
30354,[],0,0.0,0.0,0.0,0.0,0.0,0.0,[],[],[]
30355,[],0,0.0,0.0,0.0,0.0,0.0,0.0,[],[],[]
30356,[],0,0.0,0.0,0.0,0.0,0.0,0.0,[],[],[]
30357,[],0,0.0,0.0,0.0,0.0,0.0,0.0,[],[],[]
30358,[],0,0.0,0.0,0.0,0.0,0.0,0.0,[],[],[]
30359,[],0,0.0,0.0,0.0,0.0,0.0,0.0,[],[],[]
30360,[],0,0.0,0.0,0.0,0.0,0.0,0.0,[],[],[]
30361,[],0,0.0,0.0,0.0,0.0,0.0,0.0,[],[],[]
30362,[],0,0.0,0.0,0.0,0.0,0.0,0.0,[],[],[]
30363,[],0,0.0,0.0,0.0,0.0,0.0,0.0,[],[],[]
30364,[],0,0.0,0.0,0.0,0.0,0.0,0.0,[],[],[]
30365,[],0,0.0,0.0,0.0,0.0,0.0,0.0,[],[],[]
30366,[],0,0.0,0.0,0.0,0.0,0.0,0.0,[],[],[]
30367,[],0,0.0,0.0,0.0,0.0,0.0,0.0,[],[],[]
30368,[],0,0.0,0.0,0.0,0.0,0.0,0.0,[],[],[]
30369,[],0,0.0,0.0,0.0,0.0,0.0,0.0,[],[],[]
30370,[],0,0.0,0.0,0.0,0.0,0.0,0.0,[],[],[]
30371,[],0,0.0,0.0,0.0,0.0,0.0,0.0,[],[],[]
30372,[],0,0.0,0.0,0.0,0.0,0.0,0.0,[],[],[]
30373,[],0,0.0,0.0,0.0,0.0,0.0,0.0,[],[],[]
30374,[],0,0.0,0.0,0.0,0.0,0.0,0.0,[],[],[]
30375,[],0,0.0,0.0,0.0,0.0,0.0,0.0,[],[],[]
30376,[],0,0.0,0.0,0.0,0.0,0.0,0.0,[],[],[]
30377,[],0,0.0,0.0,0.0,0.0,0.0,0.0,[],[],[]
30378,[],0,0.0,0.0,0.0,0.0,0.0,0.0,[],[],[]
30379,[],0,0.0,0.0,0.0,0.0,0.0,0.0,[],[],[]
30380,[],0,0.0,0.0,0.0,0.0,0.0,0.0,[],[],[]
30381,[],0,0.0,0.0,0.0,0.0,0.0,0.0,[],[],[]
30382,[],0,0.0,0.0,0.0,0.0,0.0,0.0,[],[],[]
30383,[],0,0.0,0.0,0.0,0.0,0.0,0.0,[],[],[]
30384,[],0,0.0,0.0,0.0,0.0,0.0,0.0,[],[],[]
30385,[],0,0.0,0.0,0.0,0.0,0.0,0.0,[],[],[]
30386,[],0,0.0,0.0,0.0,0.0,0.0,0.0,[],[],[]
30387,[],0,0.0,0.0,0.0,0.0,0.0,0.0,[],[],[]
30388,[],0,0.0,0.0,0.0,0.0,0.0,0.0,[],[],[]
30389,[],0,0.0,0.0,0.0,0.0,0.0,0.0,[],[],[]
30390,[],0,0.0,0.0,0.0,0.0,0.0,0.0,[],[],[]
30391,[],0,0.0,0.0,0.0,0.0,0.0,0.0,[],[],[]
30392,[],0,0.0,0.0,0.0,0.0,0.0,0.0,[],[],[]
30393,[],0,0.0,0.0,0.0,0.0,0.0,0.0,[],[],[]
30394,[],0,0.0,0.0,0.0,0.0,0.0,0.0,[],[],[]
30395,[],0,0.0,0.0,0.0,0.0,0.0,0.0,[],[],[]
30396,[],0,0.0,0.0,0.0,0.0,0.0,0.0,[],[],[]
30397,[],0,0.0,0.0,0.0,0.0,0.0,0.0,[],[],[]
30398,[],0,0.0,0.0,0.0,0.0,0.0,0.0,[],[],[]
30399,[],0,0.0,0.0,0.0,0.0,0.0,0.0,[],[],[]
30400,[],0,0.0,0.0,0.0,0.0,0.0,0.0,[],[],[]
30401,[],0,0.0,0.0,0.0,0.0,0.0,0.0,[],[],[]
30402,[],0,0.0,0.0,0.0,0.0,0.0,0.0,[],[],[]
30403,[],0,0.0,0.0,0.0,0.0,0.0,0.0,[],[],[]
30404,[],0,0.0,0.0,0.0,0.0,0.0,0.0,[],[],[]
30405,[],0,0.0,0.0,0.0,0.0,0.0,0.0,[],[],[]
30406,[],0,0.0,0.0,0.0,0.0,0.0,0.0,[],[],[]
30407,[],0,0.0,0.0,0.0,0.0,0.0,0.0,[],[],[]
30408,[],0,0.0,0.0,0.0,0.0,0.0,0.0,[],[],[]
30409,[],0,0.0,0.0,0.0,0.0,0.0,0.0,[],[],[]
30410,[],0,0.0,0.0,0.0,0.0,0.0,0.0,[],[],[]
30411,[],0,0.0,0.0,0.0,0.0,0.0,0.0,[],[],[]
30412,[],0,0.0,0.0,0.0,0.0,0.0,0.0,[],[],[]
30413,[],0,0.0,0.0,0.0,0.0,0.0,0.0,[],[],[]
30414,[],0,0.0,0.0,0.0,0.0,0.0,0.0,[],[],[]
30415,[],0,0.0,0.0,0.0,0.0,0.0,0.0,[],[],[]
30416,[],0,0.0,0.0,0.0,0.0,0.0,0.0,[],[],[]
30417,[],0,0.0,0.0,0.0,0.0,0.0,0.0,[],[],[]
30418,[],0,0.0,0.0,0.0,0.0,0.0,0.0,[],[],[]
30419,[],0,0.0,0.0,0.0,0.0,0.0,0.0,[],[],[]
30420,[],0,0.0,0.0,0.0,0.0,0.0,0.0,[],[],[]
30421,[],0,0.0,0.0,0.0,0.0,0.0,0.0,[],[],[]
30422,[],0,0.0,0.0,0.0,0.0,0.0,0.0,[],[],[]
30423,[],0,0.0,0.0,0.0,0.0,0.0,0.0,[],[],[]
30424,[],0,0.0,0.0,0.0,0.0,0.0,0.0,[],[],[]
30425,[],0,0.0,0.0,0.0,0.0,0.0,0.0,[],[],[]
30426,[],0,0.0,0.0,0.0,0.0,0.0,0.0,[],[],[]
30427,[],0,0.0,0.0,0.0,0.0,0.0,0.0,[],[],[]
30428,[],0,0.0,0.0,0.0,0.0,0.0,0.0,[],[],[]
30429,[],0,0.0,0.0,0.0,0.0,0.0,0.0,[],[],[]
30430,[],0,0.0,0.0,0.0,0.0,0.0,0.0,[],[],[]
30431,[],0,0.0,0.0,0.0,0.0,0.0,0.0,[],[],[]
30432,[],0,0.0,0.0,0.0,0.0,0.0,0.0,[],[],[]
30433,[],0,0.0,0.0,0.0,0.0,0.0,0.0,[],[],[]
30434,[],0,0.0,0.0,0.0,0.0,0.0,0.0,[],[],[]
30435,[],0,0.0,0.0,0.0,0.0,0.0,0.0,[],[],[]
30436,[],0,0.0,0.0,0.0,0.0,0.0,0.0,[],[],[]
30437,[],0,0.0,0.0,0.0,0.0,0.0,0.0,[],[],[]
30438,[],0,0.0,0.0,0.0,0.0,0.0,0.0,[],[],[]
30439,[],0,0.0,0.0,0.0,0.0,0.0,0.0,[],[],[]
30440,[],0,0.0,0.0,0.0,0.0,0.0,0.0,[],[],[]
30441,[],0,0.0,0.0,0.0,0.0,0.0,0.0,[],[],[]
30442,[],0,0.0,0.0,0.0,0.0,0.0,0.0,[],[],[]
30443,[],0,0.0,0.0,0.0,0.0,0.0,0.0,[],[],[]
30444,[],0,0.0,0.0,0.0,0.0,0.0,0.0,[],[],[]
30445,[],0,0.0,0.0,0.0,0.0,0.0,0.0,[],[],[]
30446,[],0,0.0,0.0,0.0,0.0,0.0,0.0,[],[],[]
30447,[],0,0.0,0.0,0.0,0.0,0.0,0.0,[],[],[]
30448,[],0,0.0,0.0,0.0,0.0,0.0,0.0,[],[],[]
30449,[],0,0.0,0.0,0.0,0.0,0.0,0.0,[],[],[]
30450,[],0,0.0,0.0,0.0,0.0,0.0,0.0,[],[],[]
30451,[],0,0.0,0.0,0.0,0.0,0.0,0.0,[],[],[]
30452,[],0,0.0,0.0,0.0,0.0,0.0,0.0,[],[],[]
30453,[],0,0.0,0.0,0.0,0.0,0.0,0.0,[],[],[]
30454,[],0,0.0,0.0,0.0,0.0,0.0,0.0,[],[],[]
30455,[],0,0.0,0.0,0.0,0.0,0.0,0.0,[],[],[]
30456,[],0,0.0,0.0,0.0,0.0,0.0,0.0,[],[],[]
30457,[],0,0.0,0.0,0.0,0.0,0.0,0.0,[],[],[]
30458,[],0,0.0,0.0,0.0,0.0,0.0,0.0,[],[],[]
30459,[],0,0.0,0.0,0.0,0.0,0.0,0.0,[],[],[]
30460,[],0,0.0,0.0,0.0,0.0,0.0,0.0,[],[],[]
30461,[],0,0.0,0.0,0.0,0.0,0.0,0.0,[],[],[]
30462,[],0,0.0,0.0,0.0,0.0,0.0,0.0,[],[],[]
30463,[],0,0.0,0.0,0.0,0.0,0.0,0.0,[],[],[]
30464,[],0,0.0,0.0,0.0,0.0,0.0,0.0,[],[],[]
30465,[],0,0.0,0.0,0.0,0.0,0.0,0.0,[],[],[]
30466,[],0,0.0,0.0,0.0,0.0,0.0,0.0,[],[],[]
30467,[],0,0.0,0.0,0.0,0.0,0.0,0.0,[],[],[]
30468,[],0,0.0,0.0,0.0,0.0,0.0,0.0,[],[],[]
30469,[],0,0.0,0.0,0.0,0.0,0.0,0.0,[],[],[]
30470,[],0,0.0,0.0,0.0,0.0,0.0,0.0,[],[],[]
30471,[1429],1,48.70000000000073,48.70000000000073,66.48349999999846,66.48349999999846,115.18349999999919,115.18349999999919,[48.7],[66.4835],[115.1835]
30472,[1429],1,48.70000000000073,48.70000000000073,66.48349999999846,66.48349999999846,115.18349999999919,115.18349999999919,[48.7],[66.4835],[115.1835]
30473,[1429],1,48.70000000000073,48.70000000000073,66.48349999999846,66.48349999999846,115.18349999999919,115.18349999999919,[48.7],[66.4835],[115.1835]
30474,[1429],1,48.70000000000073,48.70000000000073,66.48349999999846,66.48349999999846,115.18349999999919,115.18349999999919,[48.7],[66.4835],[115.1835]
30475,[1429],1,48.70000000000073,48.70000000000073,66.48349999999846,66.48349999999846,115.18349999999919,115.18349999999919,[48.7],[66.4835],[115.1835]
30476,[1429],1,48.70000000000073,48.70000000000073,66.48349999999846,66.48349999999846,115.18349999999919,115.18349999999919,[48.7],[66.4835],[115.1835]
30477,[1429],1,48.70000000000073,48.70000000000073,66.48349999999846,66.48349999999846,115.18349999999919,115.18349999999919,[48.7],[66.4835],[115.1835]
30478,[1429],1,48.70000000000073,48.70000000000073,66.48349999999846,66.48349999999846,115.18349999999919,115.18349999999919,[48.7],[66.4835],[115.1835]
30479,[1429],1,48.70000000000073,48.70000000000073,66.48349999999846,66.48349999999846,115.18349999999919,115.18349999999919,[48.7],[66.4835],[115.1835]
30480,[1429],1,48.70000000000073,48.70000000000073,66.48349999999846,66.48349999999846,115.18349999999919,115.18349999999919,[48.7],[66.4835],[115.1835]
30481,[1429],1,48.70000000000073,48.70000000000073,66.48349999999846,66.48349999999846,115.18349999999919,115.18349999999919,[48.7],[66.4835],[115.1835]
30482,[1429],1,48.70000000000073,48.70000000000073,66.48349999999846,66.48349999999846,115.18349999999919,115.18349999999919,[48.7],[66.4835],[115.1835]
30483,[1429],1,48.70000000000073,48.70000000000073,66.48349999999846,66.48349999999846,115.18349999999919,115.18349999999919,[48.7],[66.4835],[115.1835]
30484,[1429],1,48.70000000000073,48.70000000000073,66.48349999999846,66.48349999999846,115.18349999999919,115.18349999999919,[48.7],[66.4835],[115.1835]
30485,[1429],1,48.70000000000073,48.70000000000073,66.48349999999846,66.48349999999846,115.18349999999919,115.18349999999919,[48.7],[66.4835],[115.1835]
30486,[1429],1,48.70000000000073,48.70000000000073,66.48349999999846,66.48349999999846,115.18349999999919,115.18349999999919,[48.7],[66.4835],[115.1835]
30487,[1429],1,48.70000000000073,48.70000000000073,66.48349999999846,66.48349999999846,115.18349999999919,115.18349999999919,[48.7],[66.4835],[115.1835]
30488,[1429],1,48.70000000000073,48.70000000000073,66.48349999999846,66.48349999999846,115.18349999999919,115.18349999999919,[48.7],[66.4835],[115.1835]
30489,[1429],1,48.70000000000073,48.70000000000073,66.48349999999846,66.48349999999846,115.18349999999919,115.18349999999919,[48.7],[66.4835],[115.1835]
30490,[1429],1,48.70000000000073,48.70000000000073,66.48349999999846,66.48349999999846,115.18349999999919,115.18349999999919,[48.7],[66.4835],[115.1835]
30491,[1429],1,48.70000000000073,48.70000000000073,66.48349999999846,66.48349999999846,115.18349999999919,115.18349999999919,[48.7],[66.4835],[115.1835]
30492,[1429],1,48.70000000000073,48.70000000000073,66.48349999999846,66.48349999999846,115.18349999999919,115.18349999999919,[48.7],[66.4835],[115.1835]
30493,[1429],1,48.70000000000073,48.70000000000073,66.48349999999846,66.48349999999846,115.18349999999919,115.18349999999919,[48.7],[66.4835],[115.1835]
30494,[1429],1,48.70000000000073,48.70000000000073,66.48349999999846,66.48349999999846,115.18349999999919,115.18349999999919,[48.7],[66.4835],[115.1835]
30495,[1429],1,48.70000000000073,48.70000000000073,66.48349999999846,66.48349999999846,115.18349999999919,115.18349999999919,[48.7],[66.4835],[115.1835]
30496,[1429],1,48.70000000000073,48.70000000000073,66.48349999999846,66.48349999999846,115.18349999999919,115.18349999999919,[48.7],[66.4835],[115.1835]
30497,[1429],1,48.70000000000073,48.70000000000073,66.48349999999846,66.48349999999846,115.18349999999919,115.18349999999919,[48.7],[66.4835],[115.1835]
30498,[1429],1,48.70000000000073,48.70000000000073,66.48349999999846,66.48349999999846,115.18349999999919,115.18349999999919,[48.7],[66.4835],[115.1835]
30499,[1429],1,48.70000000000073,48.70000000000073,66.48349999999846,66.48349999999846,115.18349999999919,115.18349999999919,[48.7],[66.4835],[115.1835]
30500,[1429],1,48.70000000000073,48.70000000000073,66.48349999999846,66.48349999999846,115.18349999999919,115.18349999999919,[48.7],[66.4835],[115.1835]
30501,[1429],1,48.70000000000073,48.70000000000073,66.48349999999846,66.48349999999846,115.18349999999919,115.18349999999919,[48.7],[66.4835],[115.1835]
30502,[1429],1,48.70000000000073,48.70000000000073,66.48349999999846,66.48349999999846,115.18349999999919,115.18349999999919,[48.7],[66.4835],[115.1835]
30503,[1429],1,48.70000000000073,48.70000000000073,66.48349999999846,66.48349999999846,115.18349999999919,115.18349999999919,[48.7],[66.4835],[115.1835]
30504,[1429],1,48.70000000000073,48.70000000000073,66.48349999999846,66.48349999999846,115.18349999999919,115.18349999999919,[48.7],[66.4835],[115.1835]
30505,[1429],1,48.70000000000073,48.70000000000073,66.48349999999846,66.48349999999846,115.18349999999919,115.18349999999919,[48.7],[66.4835],[115.1835]
30506,[1429],1,48.70000000000073,48.70000000000073,66.48349999999846,66.48349999999846,115.18349999999919,115.18349999999919,[48.7],[66.4835],[115.1835]
30507,[1429],1,48.70000000000073,48.70000000000073,66.48349999999846,66.48349999999846,115.18349999999919,115.18349999999919,[48.7],[66.4835],[115.1835]
30508,[1429],1,48.70000000000073,48.70000000000073,66.48349999999846,66.48349999999846,115.18349999999919,115.18349999999919,[48.7],[66.4835],[115.1835]
30509,[1429],1,48.70000000000073,48.70000000000073,66.48349999999846,66.48349999999846,115.18349999999919,115.18349999999919,[48.7],[66.4835],[115.1835]
30510,[1429],1,48.70000000000073,48.70000000000073,66.48349999999846,66.48349999999846,115.18349999999919,115.18349999999919,[48.7],[66.4835],[115.1835]
30511,[1429],1,48.70000000000073,48.70000000000073,66.48349999999846,66.48349999999846,115.18349999999919,115.18349999999919,[48.7],[66.4835],[115.1835]
30512,[1429],1,48.70000000000073,48.70000000000073,66.48349999999846,66.48349999999846,115.18349999999919,115.18349999999919,[48.7],[66.4835],[115.1835]
30513,[1429],1,48.70000000000073,48.70000000000073,66.48349999999846,66.48349999999846,115.18349999999919,115.18349999999919,[48.7],[66.4835],[115.1835]
30514,[1429],1,48.70000000000073,48.70000000000073,66.48349999999846,66.48349999999846,115.18349999999919,115.18349999999919,[48.7],[66.4835],[115.1835]
30515,[1429],1,48.70000000000073,48.70000000000073,66.48349999999846,66.48349999999846,115.18349999999919,115.18349999999919,[48.7],[66.4835],[115.1835]
30516,[1429],1,48.70000000000073,48.70000000000073,66.48349999999846,66.48349999999846,115.18349999999919,115.18349999999919,[48.7],[66.4835],[115.1835]
30517,[1429],1,48.70000000000073,48.70000000000073,66.48349999999846,66.48349999999846,115.18349999999919,115.18349999999919,[48.7],[66.4835],[115.1835]
30518,[1429],1,48.70000000000073,48.70000000000073,66.48349999999846,66.48349999999846,115.18349999999919,115.18349999999919,[48.7],[66.4835],[115.1835]
30519,[1429],1,48.70000000000073,48.70000000000073,66.48349999999846,66.48349999999846,115.18349999999919,115.18349999999919,[48.7],[66.4835],[115.1835]
30520,[],0,0.0,0.0,0.0,0.0,0.0,0.0,[],[],[]
30521,[],0,0.0,0.0,0.0,0.0,0.0,0.0,[],[],[]
30522,[],0,0.0,0.0,0.0,0.0,0.0,0.0,[],[],[]
30523,[],0,0.0,0.0,0.0,0.0,0.0,0.0,[],[],[]
30524,[],0,0.0,0.0,0.0,0.0,0.0,0.0,[],[],[]
30525,[],0,0.0,0.0,0.0,0.0,0.0,0.0,[],[],[]
30526,[],0,0.0,0.0,0.0,0.0,0.0,0.0,[],[],[]
30527,[],0,0.0,0.0,0.0,0.0,0.0,0.0,[],[],[]
30528,[],0,0.0,0.0,0.0,0.0,0.0,0.0,[],[],[]
30529,[],0,0.0,0.0,0.0,0.0,0.0,0.0,[],[],[]
30530,[],0,0.0,0.0,0.0,0.0,0.0,0.0,[],[],[]
30531,[],0,0.0,0.0,0.0,0.0,0.0,0.0,[],[],[]
30532,[],0,0.0,0.0,0.0,0.0,0.0,0.0,[],[],[]
30533,[],0,0.0,0.0,0.0,0.0,0.0,0.0,[],[],[]
30534,[],0,0.0,0.0,0.0,0.0,0.0,0.0,[],[],[]
30535,[],0,0.0,0.0,0.0,0.0,0.0,0.0,[],[],[]
30536,[],0,0.0,0.0,0.0,0.0,0.0,0.0,[],[],[]
30537,[],0,0.0,0.0,0.0,0.0,0.0,0.0,[],[],[]
30538,[],0,0.0,0.0,0.0,0.0,0.0,0.0,[],[],[]
30539,[],0,0.0,0.0,0.0,0.0,0.0,0.0,[],[],[]
30540,[],0,0.0,0.0,0.0,0.0,0.0,0.0,[],[],[]
30541,[],0,0.0,0.0,0.0,0.0,0.0,0.0,[],[],[]
30542,[],0,0.0,0.0,0.0,0.0,0.0,0.0,[],[],[]
30543,[],0,0.0,0.0,0.0,0.0,0.0,0.0,[],[],[]
30544,[],0,0.0,0.0,0.0,0.0,0.0,0.0,[],[],[]
30545,[],0,0.0,0.0,0.0,0.0,0.0,0.0,[],[],[]
30546,[],0,0.0,0.0,0.0,0.0,0.0,0.0,[],[],[]
30547,[],0,0.0,0.0,0.0,0.0,0.0,0.0,[],[],[]
30548,[],0,0.0,0.0,0.0,0.0,0.0,0.0,[],[],[]
30549,[],0,0.0,0.0,0.0,0.0,0.0,0.0,[],[],[]
30550,[],0,0.0,0.0,0.0,0.0,0.0,0.0,[],[],[]
30551,[],0,0.0,0.0,0.0,0.0,0.0,0.0,[],[],[]
30552,[],0,0.0,0.0,0.0,0.0,0.0,0.0,[],[],[]
30553,[],0,0.0,0.0,0.0,0.0,0.0,0.0,[],[],[]
30554,[],0,0.0,0.0,0.0,0.0,0.0,0.0,[],[],[]
30555,[],0,0.0,0.0,0.0,0.0,0.0,0.0,[],[],[]
30556,[],0,0.0,0.0,0.0,0.0,0.0,0.0,[],[],[]
30557,[],0,0.0,0.0,0.0,0.0,0.0,0.0,[],[],[]
30558,[],0,0.0,0.0,0.0,0.0,0.0,0.0,[],[],[]
30559,[],0,0.0,0.0,0.0,0.0,0.0,0.0,[],[],[]
30560,[],0,0.0,0.0,0.0,0.0,0.0,0.0,[],[],[]
30561,[],0,0.0,0.0,0.0,0.0,0.0,0.0,[],[],[]
30562,[],0,0.0,0.0,0.0,0.0,0.0,0.0,[],[],[]
30563,[],0,0.0,0.0,0.0,0.0,0.0,0.0,[],[],[]
30564,[],0,0.0,0.0,0.0,0.0,0.0,0.0,[],[],[]
30565,[],0,0.0,0.0,0.0,0.0,0.0,0.0,[],[],[]
30566,[],0,0.0,0.0,0.0,0.0,0.0,0.0,[],[],[]
30567,[],0,0.0,0.0,0.0,0.0,0.0,0.0,[],[],[]
30568,[],0,0.0,0.0,0.0,0.0,0.0,0.0,[],[],[]
30569,[],0,0.0,0.0,0.0,0.0,0.0,0.0,[],[],[]
30570,[],0,0.0,0.0,0.0,0.0,0.0,0.0,[],[],[]
30571,[],0,0.0,0.0,0.0,0.0,0.0,0.0,[],[],[]
30572,[],0,0.0,0.0,0.0,0.0,0.0,0.0,[],[],[]
30573,[1520],1,82.70000000000073,82.70000000000073,29.687879000000976,29.687879000000976,112.3878790000017,112.3878790000017,[82.7],[29.687879],[112.387879]
30574,[1520],1,82.70000000000073,82.70000000000073,29.687879000000976,29.687879000000976,112.3878790000017,112.3878790000017,[82.7],[29.687879],[112.387879]
30575,[1520],1,82.70000000000073,82.70000000000073,29.687879000000976,29.687879000000976,112.3878790000017,112.3878790000017,[82.7],[29.687879],[112.387879]
30576,[1520],1,82.70000000000073,82.70000000000073,29.687879000000976,29.687879000000976,112.3878790000017,112.3878790000017,[82.7],[29.687879],[112.387879]
30577,[1520],1,82.70000000000073,82.70000000000073,29.687879000000976,29.687879000000976,112.3878790000017,112.3878790000017,[82.7],[29.687879],[112.387879]
30578,[1520],1,82.70000000000073,82.70000000000073,29.687879000000976,29.687879000000976,112.3878790000017,112.3878790000017,[82.7],[29.687879],[112.387879]
30579,[1520],1,82.70000000000073,82.70000000000073,29.687879000000976,29.687879000000976,112.3878790000017,112.3878790000017,[82.7],[29.687879],[112.387879]
30580,[1520],1,82.70000000000073,82.70000000000073,29.687879000000976,29.687879000000976,112.3878790000017,112.3878790000017,[82.7],[29.687879],[112.387879]
30581,[1520],1,82.70000000000073,82.70000000000073,29.687879000000976,29.687879000000976,112.3878790000017,112.3878790000017,[82.7],[29.687879],[112.387879]
30582,[1520],1,82.70000000000073,82.70000000000073,29.687879000000976,29.687879000000976,112.3878790000017,112.3878790000017,[82.7],[29.687879],[112.387879]
30583,[1520],1,82.70000000000073,82.70000000000073,29.687879000000976,29.687879000000976,112.3878790000017,112.3878790000017,[82.7],[29.687879],[112.387879]
30584,[1520],1,82.70000000000073,82.70000000000073,29.687879000000976,29.687879000000976,112.3878790000017,112.3878790000017,[82.7],[29.687879],[112.387879]
30585,[1520],1,82.70000000000073,82.70000000000073,29.687879000000976,29.687879000000976,112.3878790000017,112.3878790000017,[82.7],[29.687879],[112.387879]
30586,[1520],1,82.70000000000073,82.70000000000073,29.687879000000976,29.687879000000976,112.3878790000017,112.3878790000017,[82.7],[29.687879],[112.387879]
30587,[1520],1,82.70000000000073,82.70000000000073,29.687879000000976,29.687879000000976,112.3878790000017,112.3878790000017,[82.7],[29.687879],[112.387879]
30588,[1520],1,82.70000000000073,82.70000000000073,29.687879000000976,29.687879000000976,112.3878790000017,112.3878790000017,[82.7],[29.687879],[112.387879]
30589,[1520],1,82.70000000000073,82.70000000000073,29.687879000000976,29.687879000000976,112.3878790000017,112.3878790000017,[82.7],[29.687879],[112.387879]
30590,[1520],1,82.70000000000073,82.70000000000073,29.687879000000976,29.687879000000976,112.3878790000017,112.3878790000017,[82.7],[29.687879],[112.387879]
30591,[1520],1,82.70000000000073,82.70000000000073,29.687879000000976,29.687879000000976,112.3878790000017,112.3878790000017,[82.7],[29.687879],[112.387879]
30592,[1520],1,82.70000000000073,82.70000000000073,29.687879000000976,29.687879000000976,112.3878790000017,112.3878790000017,[82.7],[29.687879],[112.387879]
30593,[1520],1,82.70000000000073,82.70000000000073,29.687879000000976,29.687879000000976,112.3878790000017,112.3878790000017,[82.7],[29.687879],[112.387879]
30594,[1520],1,82.70000000000073,82.70000000000073,29.687879000000976,29.687879000000976,112.3878790000017,112.3878790000017,[82.7],[29.687879],[112.387879]
30595,[1520],1,82.70000000000073,82.70000000000073,29.687879000000976,29.687879000000976,112.3878790000017,112.3878790000017,[82.7],[29.687879],[112.387879]
30596,[1520],1,82.70000000000073,82.70000000000073,29.687879000000976,29.687879000000976,112.3878790000017,112.3878790000017,[82.7],[29.687879],[112.387879]
30597,[1520],1,82.70000000000073,82.70000000000073,29.687879000000976,29.687879000000976,112.3878790000017,112.3878790000017,[82.7],[29.687879],[112.387879]
30598,[1520],1,82.70000000000073,82.70000000000073,29.687879000000976,29.687879000000976,112.3878790000017,112.3878790000017,[82.7],[29.687879],[112.387879]
30599,[1520],1,82.70000000000073,82.70000000000073,29.687879000000976,29.687879000000976,112.3878790000017,112.3878790000017,[82.7],[29.687879],[112.387879]
30600,[1520],1,82.70000000000073,82.70000000000073,29.687879000000976,29.687879000000976,112.3878790000017,112.3878790000017,[82.7],[29.687879],[112.387879]
30601,[1520],1,82.70000000000073,82.70000000000073,29.687879000000976,29.687879000000976,112.3878790000017,112.3878790000017,[82.7],[29.687879],[112.387879]
30602,[1520],1,82.70000000000073,82.70000000000073,29.687879000000976,29.687879000000976,112.3878790000017,112.3878790000017,[82.7],[29.687879],[112.387879]
30603,[1520],1,82.70000000000073,82.70000000000073,29.687879000000976,29.687879000000976,112.3878790000017,112.3878790000017,[82.7],[29.687879],[112.387879]
30604,[1520],1,82.70000000000073,82.70000000000073,29.687879000000976,29.687879000000976,112.3878790000017,112.3878790000017,[82.7],[29.687879],[112.387879]
30605,[1520],1,82.70000000000073,82.70000000000073,29.687879000000976,29.687879000000976,112.3878790000017,112.3878790000017,[82.7],[29.687879],[112.387879]
30606,[1520],1,82.70000000000073,82.70000000000073,29.687879000000976,29.687879000000976,112.3878790000017,112.3878790000017,[82.7],[29.687879],[112.387879]
30607,[1520],1,82.70000000000073,82.70000000000073,29.687879000000976,29.687879000000976,112.3878790000017,112.3878790000017,[82.7],[29.687879],[112.387879]
30608,[1520],1,82.70000000000073,82.70000000000073,29.687879000000976,29.687879000000976,112.3878790000017,112.3878790000017,[82.7],[29.687879],[112.387879]
30609,[1520],1,82.70000000000073,82.70000000000073,29.687879000000976,29.687879000000976,112.3878790000017,112.3878790000017,[82.7],[29.687879],[112.387879]
30610,[1520],1,82.70000000000073,82.70000000000073,29.687879000000976,29.687879000000976,112.3878790000017,112.3878790000017,[82.7],[29.687879],[112.387879]
30611,[1520],1,82.70000000000073,82.70000000000073,29.687879000000976,29.687879000000976,112.3878790000017,112.3878790000017,[82.7],[29.687879],[112.387879]
30612,[1520],1,82.70000000000073,82.70000000000073,29.687879000000976,29.687879000000976,112.3878790000017,112.3878790000017,[82.7],[29.687879],[112.387879]
30613,[1520],1,82.70000000000073,82.70000000000073,29.687879000000976,29.687879000000976,112.3878790000017,112.3878790000017,[82.7],[29.687879],[112.387879]
30614,[1520],1,82.70000000000073,82.70000000000073,29.687879000000976,29.687879000000976,112.3878790000017,112.3878790000017,[82.7],[29.687879],[112.387879]
30615,[1520],1,82.70000000000073,82.70000000000073,29.687879000000976,29.687879000000976,112.3878790000017,112.3878790000017,[82.7],[29.687879],[112.387879]
30616,[1520],1,82.70000000000073,82.70000000000073,29.687879000000976,29.687879000000976,112.3878790000017,112.3878790000017,[82.7],[29.687879],[112.387879]
30617,[1520],1,82.70000000000073,82.70000000000073,29.687879000000976,29.687879000000976,112.3878790000017,112.3878790000017,[82.7],[29.687879],[112.387879]
30618,[1520],1,82.70000000000073,82.70000000000073,29.687879000000976,29.687879000000976,112.3878790000017,112.3878790000017,[82.7],[29.687879],[112.387879]
30619,[1520],1,82.70000000000073,82.70000000000073,29.687879000000976,29.687879000000976,112.3878790000017,112.3878790000017,[82.7],[29.687879],[112.387879]
30620,[1520],1,82.70000000000073,82.70000000000073,29.687879000000976,29.687879000000976,112.3878790000017,112.3878790000017,[82.7],[29.687879],[112.387879]
30621,[1520],1,82.70000000000073,82.70000000000073,29.687879000000976,29.687879000000976,112.3878790000017,112.3878790000017,[82.7],[29.687879],[112.387879]
30622,[1520],1,82.70000000000073,82.70000000000073,29.687879000000976,29.687879000000976,112.3878790000017,112.3878790000017,[82.7],[29.687879],[112.387879]
30623,[1520],1,82.70000000000073,82.70000000000073,29.687879000000976,29.687879000000976,112.3878790000017,112.3878790000017,[82.7],[29.687879],[112.387879]
30624,[1520],1,82.70000000000073,82.70000000000073,29.687879000000976,29.687879000000976,112.3878790000017,112.3878790000017,[82.7],[29.687879],[112.387879]
30625,[1520],1,82.70000000000073,82.70000000000073,29.687879000000976,29.687879000000976,112.3878790000017,112.3878790000017,[82.7],[29.687879],[112.387879]
30626,[1520],1,82.70000000000073,82.70000000000073,29.687879000000976,29.687879000000976,112.3878790000017,112.3878790000017,[82.7],[29.687879],[112.387879]
30627,[1520],1,82.70000000000073,82.70000000000073,29.687879000000976,29.687879000000976,112.3878790000017,112.3878790000017,[82.7],[29.687879],[112.387879]
30628,[1520],1,82.70000000000073,82.70000000000073,29.687879000000976,29.687879000000976,112.3878790000017,112.3878790000017,[82.7],[29.687879],[112.387879]
30629,[1520],1,82.70000000000073,82.70000000000073,29.687879000000976,29.687879000000976,112.3878790000017,112.3878790000017,[82.7],[29.687879],[112.387879]
30630,[1520],1,82.70000000000073,82.70000000000073,29.687879000000976,29.687879000000976,112.3878790000017,112.3878790000017,[82.7],[29.687879],[112.387879]
30631,[1520],1,82.70000000000073,82.70000000000073,29.687879000000976,29.687879000000976,112.3878790000017,112.3878790000017,[82.7],[29.687879],[112.387879]
30632,[1520],1,82.70000000000073,82.70000000000073,29.687879000000976,29.687879000000976,112.3878790000017,112.3878790000017,[82.7],[29.687879],[112.387879]
30633,[1520],1,82.70000000000073,82.70000000000073,29.687879000000976,29.687879000000976,112.3878790000017,112.3878790000017,[82.7],[29.687879],[112.387879]
30634,[1520],1,82.70000000000073,82.70000000000073,29.687879000000976,29.687879000000976,112.3878790000017,112.3878790000017,[82.7],[29.687879],[112.387879]
30635,[1520],1,82.70000000000073,82.70000000000073,29.687879000000976,29.687879000000976,112.3878790000017,112.3878790000017,[82.7],[29.687879],[112.387879]
30636,[1520],1,82.70000000000073,82.70000000000073,29.687879000000976,29.687879000000976,112.3878790000017,112.3878790000017,[82.7],[29.687879],[112.387879]
30637,[1520],1,82.70000000000073,82.70000000000073,29.687879000000976,29.687879000000976,112.3878790000017,112.3878790000017,[82.7],[29.687879],[112.387879]
30638,[1520],1,82.70000000000073,82.70000000000073,29.687879000000976,29.687879000000976,112.3878790000017,112.3878790000017,[82.7],[29.687879],[112.387879]
30639,[1520],1,82.70000000000073,82.70000000000073,29.687879000000976,29.687879000000976,112.3878790000017,112.3878790000017,[82.7],[29.687879],[112.387879]
30640,[1520 1577],2,59.0,82.70000000000073,38.83303049999995,47.978181999998924,97.83303049999995,112.3878790000017,[82.7 35.3],[29.687879 47.978182],[112.387879  83.278182]
30641,[1520 1577],2,59.0,82.70000000000073,38.83303049999995,47.978181999998924,97.83303049999995,112.3878790000017,[82.7 35.3],[29.687879 47.978182],[112.387879  83.278182]
30642,[1520 1577],2,59.0,82.70000000000073,38.83303049999995,47.978181999998924,97.83303049999995,112.3878790000017,[82.7 35.3],[29.687879 47.978182],[112.387879  83.278182]
30643,[1520 1577],2,59.0,82.70000000000073,38.83303049999995,47.978181999998924,97.83303049999995,112.3878790000017,[82.7 35.3],[29.687879 47.978182],[112.387879  83.278182]
30644,[1520 1577],2,59.0,82.70000000000073,38.83303049999995,47.978181999998924,97.83303049999995,112.3878790000017,[82.7 35.3],[29.687879 47.978182],[112.387879  83.278182]
30645,[1520 1577],2,59.0,82.70000000000073,38.83303049999995,47.978181999998924,97.83303049999995,112.3878790000017,[82.7 35.3],[29.687879 47.978182],[112.387879  83.278182]
30646,[1520 1577],2,59.0,82.70000000000073,38.83303049999995,47.978181999998924,97.83303049999995,112.3878790000017,[82.7 35.3],[29.687879 47.978182],[112.387879  83.278182]
30647,[1520 1577],2,59.0,82.70000000000073,38.83303049999995,47.978181999998924,97.83303049999995,112.3878790000017,[82.7 35.3],[29.687879 47.978182],[112.387879  83.278182]
30648,[1520 1577],2,59.0,82.70000000000073,38.83303049999995,47.978181999998924,97.83303049999995,112.3878790000017,[82.7 35.3],[29.687879 47.978182],[112.387879  83.278182]
30649,[1520 1577],2,59.0,82.70000000000073,38.83303049999995,47.978181999998924,97.83303049999995,112.3878790000017,[82.7 35.3],[29.687879 47.978182],[112.387879  83.278182]
30650,[1520 1577],2,59.0,82.70000000000073,38.83303049999995,47.978181999998924,97.83303049999995,112.3878790000017,[82.7 35.3],[29.687879 47.978182],[112.387879  83.278182]
30651,[1520 1577],2,59.0,82.70000000000073,38.83303049999995,47.978181999998924,97.83303049999995,112.3878790000017,[82.7 35.3],[29.687879 47.978182],[112.387879  83.278182]
30652,[1520 1577],2,59.0,82.70000000000073,38.83303049999995,47.978181999998924,97.83303049999995,112.3878790000017,[82.7 35.3],[29.687879 47.978182],[112.387879  83.278182]
30653,[1520 1577],2,59.0,82.70000000000073,38.83303049999995,47.978181999998924,97.83303049999995,112.3878790000017,[82.7 35.3],[29.687879 47.978182],[112.387879  83.278182]
30654,[1520 1577],2,59.0,82.70000000000073,38.83303049999995,47.978181999998924,97.83303049999995,112.3878790000017,[82.7 35.3],[29.687879 47.978182],[112.387879  83.278182]
30655,[1520 1577],2,59.0,82.70000000000073,38.83303049999995,47.978181999998924,97.83303049999995,112.3878790000017,[82.7 35.3],[29.687879 47.978182],[112.387879  83.278182]
30656,[1577],1,35.29999999999927,35.29999999999927,47.978181999998924,47.978181999998924,83.2781819999982,83.2781819999982,[35.3],[47.978182],[83.278182]
30657,[1577],1,35.29999999999927,35.29999999999927,47.978181999998924,47.978181999998924,83.2781819999982,83.2781819999982,[35.3],[47.978182],[83.278182]
30658,[1577],1,35.29999999999927,35.29999999999927,47.978181999998924,47.978181999998924,83.2781819999982,83.2781819999982,[35.3],[47.978182],[83.278182]
30659,[1577],1,35.29999999999927,35.29999999999927,47.978181999998924,47.978181999998924,83.2781819999982,83.2781819999982,[35.3],[47.978182],[83.278182]
30660,[1577],1,35.29999999999927,35.29999999999927,47.978181999998924,47.978181999998924,83.2781819999982,83.2781819999982,[35.3],[47.978182],[83.278182]
30661,[1577],1,35.29999999999927,35.29999999999927,47.978181999998924,47.978181999998924,83.2781819999982,83.2781819999982,[35.3],[47.978182],[83.278182]
30662,[1577],1,35.29999999999927,35.29999999999927,47.978181999998924,47.978181999998924,83.2781819999982,83.2781819999982,[35.3],[47.978182],[83.278182]
30663,[1577],1,35.29999999999927,35.29999999999927,47.978181999998924,47.978181999998924,83.2781819999982,83.2781819999982,[35.3],[47.978182],[83.278182]
30664,[1577],1,35.29999999999927,35.29999999999927,47.978181999998924,47.978181999998924,83.2781819999982,83.2781819999982,[35.3],[47.978182],[83.278182]
30665,[1577],1,35.29999999999927,35.29999999999927,47.978181999998924,47.978181999998924,83.2781819999982,83.2781819999982,[35.3],[47.978182],[83.278182]
30666,[1577],1,35.29999999999927,35.29999999999927,47.978181999998924,47.978181999998924,83.2781819999982,83.2781819999982,[35.3],[47.978182],[83.278182]
30667,[1577],1,35.29999999999927,35.29999999999927,47.978181999998924,47.978181999998924,83.2781819999982,83.2781819999982,[35.3],[47.978182],[83.278182]
30668,[1577],1,35.29999999999927,35.29999999999927,47.978181999998924,47.978181999998924,83.2781819999982,83.2781819999982,[35.3],[47.978182],[83.278182]
30669,[1577],1,35.29999999999927,35.29999999999927,47.978181999998924,47.978181999998924,83.2781819999982,83.2781819999982,[35.3],[47.978182],[83.278182]
30670,[1577],1,35.29999999999927,35.29999999999927,47.978181999998924,47.978181999998924,83.2781819999982,83.2781819999982,[35.3],[47.978182],[83.278182]
30671,[1577],1,35.29999999999927,35.29999999999927,47.978181999998924,47.978181999998924,83.2781819999982,83.2781819999982,[35.3],[47.978182],[83.278182]
30672,[1577],1,35.29999999999927,35.29999999999927,47.978181999998924,47.978181999998924,83.2781819999982,83.2781819999982,[35.3],[47.978182],[83.278182]
30673,[1577],1,35.29999999999927,35.29999999999927,47.978181999998924,47.978181999998924,83.2781819999982,83.2781819999982,[35.3],[47.978182],[83.278182]
30674,[1577],1,35.29999999999927,35.29999999999927,47.978181999998924,47.978181999998924,83.2781819999982,83.2781819999982,[35.3],[47.978182],[83.278182]
30675,[1577],1,35.29999999999927,35.29999999999927,47.978181999998924,47.978181999998924,83.2781819999982,83.2781819999982,[35.3],[47.978182],[83.278182]
30676,[],0,0.0,0.0,0.0,0.0,0.0,0.0,[],[],[]
30677,[],0,0.0,0.0,0.0,0.0,0.0,0.0,[],[],[]
30678,[],0,0.0,0.0,0.0,0.0,0.0,0.0,[],[],[]
30679,[],0,0.0,0.0,0.0,0.0,0.0,0.0,[],[],[]
30680,[],0,0.0,0.0,0.0,0.0,0.0,0.0,[],[],[]
30681,[],0,0.0,0.0,0.0,0.0,0.0,0.0,[],[],[]
30682,[],0,0.0,0.0,0.0,0.0,0.0,0.0,[],[],[]
30683,[],0,0.0,0.0,0.0,0.0,0.0,0.0,[],[],[]
30684,[],0,0.0,0.0,0.0,0.0,0.0,0.0,[],[],[]
30685,[],0,0.0,0.0,0.0,0.0,0.0,0.0,[],[],[]
30686,[],0,0.0,0.0,0.0,0.0,0.0,0.0,[],[],[]
30687,[],0,0.0,0.0,0.0,0.0,0.0,0.0,[],[],[]
30688,[],0,0.0,0.0,0.0,0.0,0.0,0.0,[],[],[]
30689,[],0,0.0,0.0,0.0,0.0,0.0,0.0,[],[],[]
30690,[],0,0.0,0.0,0.0,0.0,0.0,0.0,[],[],[]
30691,[],0,0.0,0.0,0.0,0.0,0.0,0.0,[],[],[]
30692,[],0,0.0,0.0,0.0,0.0,0.0,0.0,[],[],[]
30693,[],0,0.0,0.0,0.0,0.0,0.0,0.0,[],[],[]
30694,[],0,0.0,0.0,0.0,0.0,0.0,0.0,[],[],[]
30695,[1617],1,94.02121199999965,94.02121199999965,36.29999999999927,36.29999999999927,130.32121199999892,130.32121199999892,[94.021212],[36.3],[130.321212]
30696,[1617],1,94.02121199999965,94.02121199999965,36.29999999999927,36.29999999999927,130.32121199999892,130.32121199999892,[94.021212],[36.3],[130.321212]
30697,[1617],1,94.02121199999965,94.02121199999965,36.29999999999927,36.29999999999927,130.32121199999892,130.32121199999892,[94.021212],[36.3],[130.321212]
30698,[1617],1,94.02121199999965,94.02121199999965,36.29999999999927,36.29999999999927,130.32121199999892,130.32121199999892,[94.021212],[36.3],[130.321212]
30699,[1617],1,94.02121199999965,94.02121199999965,36.29999999999927,36.29999999999927,130.32121199999892,130.32121199999892,[94.021212],[36.3],[130.321212]
30700,[1617],1,94.02121199999965,94.02121199999965,36.29999999999927,36.29999999999927,130.32121199999892,130.32121199999892,[94.021212],[36.3],[130.321212]
30701,[1617],1,94.02121199999965,94.02121199999965,36.29999999999927,36.29999999999927,130.32121199999892,130.32121199999892,[94.021212],[36.3],[130.321212]
30702,[1617],1,94.02121199999965,94.02121199999965,36.29999999999927,36.29999999999927,130.32121199999892,130.32121199999892,[94.021212],[36.3],[130.321212]
30703,[1617],1,94.02121199999965,94.02121199999965,36.29999999999927,36.29999999999927,130.32121199999892,130.32121199999892,[94.021212],[36.3],[130.321212]
30704,[1617],1,94.02121199999965,94.02121199999965,36.29999999999927,36.29999999999927,130.32121199999892,130.32121199999892,[94.021212],[36.3],[130.321212]
30705,[1617],1,94.02121199999965,94.02121199999965,36.29999999999927,36.29999999999927,130.32121199999892,130.32121199999892,[94.021212],[36.3],[130.321212]
30706,[1617],1,94.02121199999965,94.02121199999965,36.29999999999927,36.29999999999927,130.32121199999892,130.32121199999892,[94.021212],[36.3],[130.321212]
30707,[1617],1,94.02121199999965,94.02121199999965,36.29999999999927,36.29999999999927,130.32121199999892,130.32121199999892,[94.021212],[36.3],[130.321212]
30708,[1617],1,94.02121199999965,94.02121199999965,36.29999999999927,36.29999999999927,130.32121199999892,130.32121199999892,[94.021212],[36.3],[130.321212]
30709,[1617],1,94.02121199999965,94.02121199999965,36.29999999999927,36.29999999999927,130.32121199999892,130.32121199999892,[94.021212],[36.3],[130.321212]
30710,[1617],1,94.02121199999965,94.02121199999965,36.29999999999927,36.29999999999927,130.32121199999892,130.32121199999892,[94.021212],[36.3],[130.321212]
30711,[1617 1633],2,86.02121199999965,94.02121199999965,36.29999999999927,36.29999999999927,122.32121199999892,130.32121199999892,[94.021212 78.021212],[36.3 36.3],[130.321212 114.321212]
30712,[1617 1633],2,86.02121199999965,94.02121199999965,36.29999999999927,36.29999999999927,122.32121199999892,130.32121199999892,[94.021212 78.021212],[36.3 36.3],[130.321212 114.321212]
30713,[1617 1633],2,86.02121199999965,94.02121199999965,36.29999999999927,36.29999999999927,122.32121199999892,130.32121199999892,[94.021212 78.021212],[36.3 36.3],[130.321212 114.321212]
30714,[1617 1633],2,86.02121199999965,94.02121199999965,36.29999999999927,36.29999999999927,122.32121199999892,130.32121199999892,[94.021212 78.021212],[36.3 36.3],[130.321212 114.321212]
30715,[1617 1633],2,86.02121199999965,94.02121199999965,36.29999999999927,36.29999999999927,122.32121199999892,130.32121199999892,[94.021212 78.021212],[36.3 36.3],[130.321212 114.321212]
30716,[1617 1633],2,86.02121199999965,94.02121199999965,36.29999999999927,36.29999999999927,122.32121199999892,130.32121199999892,[94.021212 78.021212],[36.3 36.3],[130.321212 114.321212]
30717,[1617 1633],2,86.02121199999965,94.02121199999965,36.29999999999927,36.29999999999927,122.32121199999892,130.32121199999892,[94.021212 78.021212],[36.3 36.3],[130.321212 114.321212]
30718,[1617 1633],2,86.02121199999965,94.02121199999965,36.29999999999927,36.29999999999927,122.32121199999892,130.32121199999892,[94.021212 78.021212],[36.3 36.3],[130.321212 114.321212]
30719,[1617 1633],2,86.02121199999965,94.02121199999965,36.29999999999927,36.29999999999927,122.32121199999892,130.32121199999892,[94.021212 78.021212],[36.3 36.3],[130.321212 114.321212]
30720,[1617 1633],2,86.02121199999965,94.02121199999965,36.29999999999927,36.29999999999927,122.32121199999892,130.32121199999892,[94.021212 78.021212],[36.3 36.3],[130.321212 114.321212]
30721,[1617 1633],2,86.02121199999965,94.02121199999965,36.29999999999927,36.29999999999927,122.32121199999892,130.32121199999892,[94.021212 78.021212],[36.3 36.3],[130.321212 114.321212]
30722,[1617 1633],2,86.02121199999965,94.02121199999965,36.29999999999927,36.29999999999927,122.32121199999892,130.32121199999892,[94.021212 78.021212],[36.3 36.3],[130.321212 114.321212]
30723,[1617 1633],2,86.02121199999965,94.02121199999965,36.29999999999927,36.29999999999927,122.32121199999892,130.32121199999892,[94.021212 78.021212],[36.3 36.3],[130.321212 114.321212]
30724,[1617 1633],2,86.02121199999965,94.02121199999965,36.29999999999927,36.29999999999927,122.32121199999892,130.32121199999892,[94.021212 78.021212],[36.3 36.3],[130.321212 114.321212]
30725,[1617 1633],2,86.02121199999965,94.02121199999965,36.29999999999927,36.29999999999927,122.32121199999892,130.32121199999892,[94.021212 78.021212],[36.3 36.3],[130.321212 114.321212]
30726,[1617 1633],2,86.02121199999965,94.02121199999965,36.29999999999927,36.29999999999927,122.32121199999892,130.32121199999892,[94.021212 78.021212],[36.3 36.3],[130.321212 114.321212]
30727,[1617 1633],2,86.02121199999965,94.02121199999965,36.29999999999927,36.29999999999927,122.32121199999892,130.32121199999892,[94.021212 78.021212],[36.3 36.3],[130.321212 114.321212]
30728,[1617 1633],2,86.02121199999965,94.02121199999965,36.29999999999927,36.29999999999927,122.32121199999892,130.32121199999892,[94.021212 78.021212],[36.3 36.3],[130.321212 114.321212]
30729,[1617 1633],2,86.02121199999965,94.02121199999965,36.29999999999927,36.29999999999927,122.32121199999892,130.32121199999892,[94.021212 78.021212],[36.3 36.3],[130.321212 114.321212]
30730,[1617 1633],2,86.02121199999965,94.02121199999965,36.29999999999927,36.29999999999927,122.32121199999892,130.32121199999892,[94.021212 78.021212],[36.3 36.3],[130.321212 114.321212]
30731,[1617 1633],2,86.02121199999965,94.02121199999965,36.29999999999927,36.29999999999927,122.32121199999892,130.32121199999892,[94.021212 78.021212],[36.3 36.3],[130.321212 114.321212]
30732,[1617 1633],2,86.02121199999965,94.02121199999965,36.29999999999927,36.29999999999927,122.32121199999892,130.32121199999892,[94.021212 78.021212],[36.3 36.3],[130.321212 114.321212]
30733,[1617 1633],2,86.02121199999965,94.02121199999965,36.29999999999927,36.29999999999927,122.32121199999892,130.32121199999892,[94.021212 78.021212],[36.3 36.3],[130.321212 114.321212]
30734,[1617 1633],2,86.02121199999965,94.02121199999965,36.29999999999927,36.29999999999927,122.32121199999892,130.32121199999892,[94.021212 78.021212],[36.3 36.3],[130.321212 114.321212]
30735,[1617 1633],2,86.02121199999965,94.02121199999965,36.29999999999927,36.29999999999927,122.32121199999892,130.32121199999892,[94.021212 78.021212],[36.3 36.3],[130.321212 114.321212]
30736,[1617 1633],2,86.02121199999965,94.02121199999965,36.29999999999927,36.29999999999927,122.32121199999892,130.32121199999892,[94.021212 78.021212],[36.3 36.3],[130.321212 114.321212]
30737,[1617 1633],2,86.02121199999965,94.02121199999965,36.29999999999927,36.29999999999927,122.32121199999892,130.32121199999892,[94.021212 78.021212],[36.3 36.3],[130.321212 114.321212]
30738,[1617 1633],2,86.02121199999965,94.02121199999965,36.29999999999927,36.29999999999927,122.32121199999892,130.32121199999892,[94.021212 78.021212],[36.3 36.3],[130.321212 114.321212]
30739,[1617 1633],2,86.02121199999965,94.02121199999965,36.29999999999927,36.29999999999927,122.32121199999892,130.32121199999892,[94.021212 78.021212],[36.3 36.3],[130.321212 114.321212]
30740,[1617 1633],2,86.02121199999965,94.02121199999965,36.29999999999927,36.29999999999927,122.32121199999892,130.32121199999892,[94.021212 78.021212],[36.3 36.3],[130.321212 114.321212]
30741,[1617 1633],2,86.02121199999965,94.02121199999965,36.29999999999927,36.29999999999927,122.32121199999892,130.32121199999892,[94.021212 78.021212],[36.3 36.3],[130.321212 114.321212]
30742,[1617 1633],2,86.02121199999965,94.02121199999965,36.29999999999927,36.29999999999927,122.32121199999892,130.32121199999892,[94.021212 78.021212],[36.3 36.3],[130.321212 114.321212]
30743,[1617 1633],2,86.02121199999965,94.02121199999965,36.29999999999927,36.29999999999927,122.32121199999892,130.32121199999892,[94.021212 78.021212],[36.3 36.3],[130.321212 114.321212]
30744,[1617 1633],2,86.02121199999965,94.02121199999965,36.29999999999927,36.29999999999927,122.32121199999892,130.32121199999892,[94.021212 78.021212],[36.3 36.3],[130.321212 114.321212]
30745,[1617 1633 1662],3,72.02121199999965,94.02121199999965,43.49292933333345,57.878788000001805,115.5141413333331,130.32121199999892,[94.021212 78.021212 44.021212],[36.3      36.3      57.878788],[130.321212 114.321212 101.9     ]
30746,[1617 1633 1662],3,72.02121199999965,94.02121199999965,43.49292933333345,57.878788000001805,115.5141413333331,130.32121199999892,[94.021212 78.021212 44.021212],[36.3      36.3      57.878788],[130.321212 114.321212 101.9     ]
30747,[1617 1633 1662],3,72.02121199999965,94.02121199999965,43.49292933333345,57.878788000001805,115.5141413333331,130.32121199999892,[94.021212 78.021212 44.021212],[36.3      36.3      57.878788],[130.321212 114.321212 101.9     ]
30748,[1617 1633 1662],3,72.02121199999965,94.02121199999965,43.49292933333345,57.878788000001805,115.5141413333331,130.32121199999892,[94.021212 78.021212 44.021212],[36.3      36.3      57.878788],[130.321212 114.321212 101.9     ]
30749,[1617 1633 1662],3,72.02121199999965,94.02121199999965,43.49292933333345,57.878788000001805,115.5141413333331,130.32121199999892,[94.021212 78.021212 44.021212],[36.3      36.3      57.878788],[130.321212 114.321212 101.9     ]
30750,[1617 1633 1662],3,72.02121199999965,94.02121199999965,43.49292933333345,57.878788000001805,115.5141413333331,130.32121199999892,[94.021212 78.021212 44.021212],[36.3      36.3      57.878788],[130.321212 114.321212 101.9     ]
30751,[1617 1633 1662],3,72.02121199999965,94.02121199999965,43.49292933333345,57.878788000001805,115.5141413333331,130.32121199999892,[94.021212 78.021212 44.021212],[36.3      36.3      57.878788],[130.321212 114.321212 101.9     ]
30752,[1617 1633 1662],3,72.02121199999965,94.02121199999965,43.49292933333345,57.878788000001805,115.5141413333331,130.32121199999892,[94.021212 78.021212 44.021212],[36.3      36.3      57.878788],[130.321212 114.321212 101.9     ]
30753,[1617 1633 1662],3,72.02121199999965,94.02121199999965,43.49292933333345,57.878788000001805,115.5141413333331,130.32121199999892,[94.021212 78.021212 44.021212],[36.3      36.3      57.878788],[130.321212 114.321212 101.9     ]
30754,[1617 1633 1662],3,72.02121199999965,94.02121199999965,43.49292933333345,57.878788000001805,115.5141413333331,130.32121199999892,[94.021212 78.021212 44.021212],[36.3      36.3      57.878788],[130.321212 114.321212 101.9     ]
30755,[1617 1633 1662],3,72.02121199999965,94.02121199999965,43.49292933333345,57.878788000001805,115.5141413333331,130.32121199999892,[94.021212 78.021212 44.021212],[36.3      36.3      57.878788],[130.321212 114.321212 101.9     ]
30756,[1617 1633 1662],3,72.02121199999965,94.02121199999965,43.49292933333345,57.878788000001805,115.5141413333331,130.32121199999892,[94.021212 78.021212 44.021212],[36.3      36.3      57.878788],[130.321212 114.321212 101.9     ]
30757,[1617 1633 1662],3,72.02121199999965,94.02121199999965,43.49292933333345,57.878788000001805,115.5141413333331,130.32121199999892,[94.021212 78.021212 44.021212],[36.3      36.3      57.878788],[130.321212 114.321212 101.9     ]
30758,[1617 1633 1662],3,72.02121199999965,94.02121199999965,43.49292933333345,57.878788000001805,115.5141413333331,130.32121199999892,[94.021212 78.021212 44.021212],[36.3      36.3      57.878788],[130.321212 114.321212 101.9     ]
30759,[1617 1633 1662],3,72.02121199999965,94.02121199999965,43.49292933333345,57.878788000001805,115.5141413333331,130.32121199999892,[94.021212 78.021212 44.021212],[36.3      36.3      57.878788],[130.321212 114.321212 101.9     ]
30760,[1617 1633 1662],3,72.02121199999965,94.02121199999965,43.49292933333345,57.878788000001805,115.5141413333331,130.32121199999892,[94.021212 78.021212 44.021212],[36.3      36.3      57.878788],[130.321212 114.321212 101.9     ]
30761,[1617 1633 1662],3,72.02121199999965,94.02121199999965,43.49292933333345,57.878788000001805,115.5141413333331,130.32121199999892,[94.021212 78.021212 44.021212],[36.3      36.3      57.878788],[130.321212 114.321212 101.9     ]
30762,[1617 1633 1662],3,72.02121199999965,94.02121199999965,43.49292933333345,57.878788000001805,115.5141413333331,130.32121199999892,[94.021212 78.021212 44.021212],[36.3      36.3      57.878788],[130.321212 114.321212 101.9     ]
30763,[1617 1633 1662],3,72.02121199999965,94.02121199999965,43.49292933333345,57.878788000001805,115.5141413333331,130.32121199999892,[94.021212 78.021212 44.021212],[36.3      36.3      57.878788],[130.321212 114.321212 101.9     ]
30764,[1617 1633 1662],3,72.02121199999965,94.02121199999965,43.49292933333345,57.878788000001805,115.5141413333331,130.32121199999892,[94.021212 78.021212 44.021212],[36.3      36.3      57.878788],[130.321212 114.321212 101.9     ]
30765,[1617 1633 1662],3,72.02121199999965,94.02121199999965,43.49292933333345,57.878788000001805,115.5141413333331,130.32121199999892,[94.021212 78.021212 44.021212],[36.3      36.3      57.878788],[130.321212 114.321212 101.9     ]
30766,[1617 1633 1662],3,72.02121199999965,94.02121199999965,43.49292933333345,57.878788000001805,115.5141413333331,130.32121199999892,[94.021212 78.021212 44.021212],[36.3      36.3      57.878788],[130.321212 114.321212 101.9     ]
30767,[1617 1633 1662],3,72.02121199999965,94.02121199999965,43.49292933333345,57.878788000001805,115.5141413333331,130.32121199999892,[94.021212 78.021212 44.021212],[36.3      36.3      57.878788],[130.321212 114.321212 101.9     ]
30768,[1617 1633 1662],3,72.02121199999965,94.02121199999965,43.49292933333345,57.878788000001805,115.5141413333331,130.32121199999892,[94.021212 78.021212 44.021212],[36.3      36.3      57.878788],[130.321212 114.321212 101.9     ]
30769,[1617 1633 1662],3,72.02121199999965,94.02121199999965,43.49292933333345,57.878788000001805,115.5141413333331,130.32121199999892,[94.021212 78.021212 44.021212],[36.3      36.3      57.878788],[130.321212 114.321212 101.9     ]
30770,[1617 1633 1662],3,72.02121199999965,94.02121199999965,43.49292933333345,57.878788000001805,115.5141413333331,130.32121199999892,[94.021212 78.021212 44.021212],[36.3      36.3      57.878788],[130.321212 114.321212 101.9     ]
30771,[1617 1633 1662],3,72.02121199999965,94.02121199999965,43.49292933333345,57.878788000001805,115.5141413333331,130.32121199999892,[94.021212 78.021212 44.021212],[36.3      36.3      57.878788],[130.321212 114.321212 101.9     ]
30772,[1617 1633 1662],3,72.02121199999965,94.02121199999965,43.49292933333345,57.878788000001805,115.5141413333331,130.32121199999892,[94.021212 78.021212 44.021212],[36.3      36.3      57.878788],[130.321212 114.321212 101.9     ]
30773,[1617 1633 1662],3,72.02121199999965,94.02121199999965,43.49292933333345,57.878788000001805,115.5141413333331,130.32121199999892,[94.021212 78.021212 44.021212],[36.3      36.3      57.878788],[130.321212 114.321212 101.9     ]
30774,[1617 1633 1662],3,72.02121199999965,94.02121199999965,43.49292933333345,57.878788000001805,115.5141413333331,130.32121199999892,[94.021212 78.021212 44.021212],[36.3      36.3      57.878788],[130.321212 114.321212 101.9     ]
30775,[1617 1633 1662],3,72.02121199999965,94.02121199999965,43.49292933333345,57.878788000001805,115.5141413333331,130.32121199999892,[94.021212 78.021212 44.021212],[36.3      36.3      57.878788],[130.321212 114.321212 101.9     ]
30776,[1617 1633 1662],3,72.02121199999965,94.02121199999965,43.49292933333345,57.878788000001805,115.5141413333331,130.32121199999892,[94.021212 78.021212 44.021212],[36.3      36.3      57.878788],[130.321212 114.321212 101.9     ]
30777,[1617 1633 1662],3,72.02121199999965,94.02121199999965,43.49292933333345,57.878788000001805,115.5141413333331,130.32121199999892,[94.021212 78.021212 44.021212],[36.3      36.3      57.878788],[130.321212 114.321212 101.9     ]
30778,[1617 1633 1662],3,72.02121199999965,94.02121199999965,43.49292933333345,57.878788000001805,115.5141413333331,130.32121199999892,[94.021212 78.021212 44.021212],[36.3      36.3      57.878788],[130.321212 114.321212 101.9     ]
30779,[1617 1633 1662],3,72.02121199999965,94.02121199999965,43.49292933333345,57.878788000001805,115.5141413333331,130.32121199999892,[94.021212 78.021212 44.021212],[36.3      36.3      57.878788],[130.321212 114.321212 101.9     ]
30780,[1617 1633 1662],3,72.02121199999965,94.02121199999965,43.49292933333345,57.878788000001805,115.5141413333331,130.32121199999892,[94.021212 78.021212 44.021212],[36.3      36.3      57.878788],[130.321212 114.321212 101.9     ]
30781,[1617 1633 1662],3,72.02121199999965,94.02121199999965,43.49292933333345,57.878788000001805,115.5141413333331,130.32121199999892,[94.021212 78.021212 44.021212],[36.3      36.3      57.878788],[130.321212 114.321212 101.9     ]
30782,[1617 1633 1662],3,72.02121199999965,94.02121199999965,43.49292933333345,57.878788000001805,115.5141413333331,130.32121199999892,[94.021212 78.021212 44.021212],[36.3      36.3      57.878788],[130.321212 114.321212 101.9     ]
30783,[1617 1633 1662],3,72.02121199999965,94.02121199999965,43.49292933333345,57.878788000001805,115.5141413333331,130.32121199999892,[94.021212 78.021212 44.021212],[36.3      36.3      57.878788],[130.321212 114.321212 101.9     ]
30784,[1617 1633 1662],3,72.02121199999965,94.02121199999965,43.49292933333345,57.878788000001805,115.5141413333331,130.32121199999892,[94.021212 78.021212 44.021212],[36.3      36.3      57.878788],[130.321212 114.321212 101.9     ]
30785,[1617 1633 1662],3,72.02121199999965,94.02121199999965,43.49292933333345,57.878788000001805,115.5141413333331,130.32121199999892,[94.021212 78.021212 44.021212],[36.3      36.3      57.878788],[130.321212 114.321212 101.9     ]
30786,[1617 1633 1662],3,72.02121199999965,94.02121199999965,43.49292933333345,57.878788000001805,115.5141413333331,130.32121199999892,[94.021212 78.021212 44.021212],[36.3      36.3      57.878788],[130.321212 114.321212 101.9     ]
30787,[1617 1633 1662],3,72.02121199999965,94.02121199999965,43.49292933333345,57.878788000001805,115.5141413333331,130.32121199999892,[94.021212 78.021212 44.021212],[36.3      36.3      57.878788],[130.321212 114.321212 101.9     ]
30788,[1617 1633 1662],3,72.02121199999965,94.02121199999965,43.49292933333345,57.878788000001805,115.5141413333331,130.32121199999892,[94.021212 78.021212 44.021212],[36.3      36.3      57.878788],[130.321212 114.321212 101.9     ]
30789,[1617 1633 1662],3,72.02121199999965,94.02121199999965,43.49292933333345,57.878788000001805,115.5141413333331,130.32121199999892,[94.021212 78.021212 44.021212],[36.3      36.3      57.878788],[130.321212 114.321212 101.9     ]
30790,[],0,0.0,0.0,0.0,0.0,0.0,0.0,[],[],[]
30791,[],0,0.0,0.0,0.0,0.0,0.0,0.0,[],[],[]
30792,[],0,0.0,0.0,0.0,0.0,0.0,0.0,[],[],[]
30793,[],0,0.0,0.0,0.0,0.0,0.0,0.0,[],[],[]
30794,[],0,0.0,0.0,0.0,0.0,0.0,0.0,[],[],[]
30795,[],0,0.0,0.0,0.0,0.0,0.0,0.0,[],[],[]
30796,[],0,0.0,0.0,0.0,0.0,0.0,0.0,[],[],[]
30797,[1709],1,0.0,0.0,28.321211999998923,28.321211999998923,28.321211999998923,28.321211999998923,[0.],[28.321212],[28.321212]
30798,[],0,0.0,0.0,0.0,0.0,0.0,0.0,[],[],[]
30799,[],0,0.0,0.0,0.0,0.0,0.0,0.0,[],[],[]
30800,[],0,0.0,0.0,0.0,0.0,0.0,0.0,[],[],[]
30801,[],0,0.0,0.0,0.0,0.0,0.0,0.0,[],[],[]
30802,[],0,0.0,0.0,0.0,0.0,0.0,0.0,[],[],[]
30803,[],0,0.0,0.0,0.0,0.0,0.0,0.0,[],[],[]
30804,[],0,0.0,0.0,0.0,0.0,0.0,0.0,[],[],[]
30805,[],0,0.0,0.0,0.0,0.0,0.0,0.0,[],[],[]
30806,[],0,0.0,0.0,0.0,0.0,0.0,0.0,[],[],[]
30807,[],0,0.0,0.0,0.0,0.0,0.0,0.0,[],[],[]
30808,[],0,0.0,0.0,0.0,0.0,0.0,0.0,[],[],[]
30809,[],0,0.0,0.0,0.0,0.0,0.0,0.0,[],[],[]
30810,[],0,0.0,0.0,0.0,0.0,0.0,0.0,[],[],[]
30811,[],0,0.0,0.0,0.0,0.0,0.0,0.0,[],[],[]
30812,[],0,0.0,0.0,0.0,0.0,0.0,0.0,[],[],[]
30813,[],0,0.0,0.0,0.0,0.0,0.0,0.0,[],[],[]
30814,[],0,0.0,0.0,0.0,0.0,0.0,0.0,[],[],[]
30815,[],0,0.0,0.0,0.0,0.0,0.0,0.0,[],[],[]
30816,[],0,0.0,0.0,0.0,0.0,0.0,0.0,[],[],[]
30817,[],0,0.0,0.0,0.0,0.0,0.0,0.0,[],[],[]
30818,[],0,0.0,0.0,0.0,0.0,0.0,0.0,[],[],[]
30819,[],0,0.0,0.0,0.0,0.0,0.0,0.0,[],[],[]
30820,[],0,0.0,0.0,0.0,0.0,0.0,0.0,[],[],[]
30821,[],0,0.0,0.0,0.0,0.0,0.0,0.0,[],[],[]
30822,[],0,0.0,0.0,0.0,0.0,0.0,0.0,[],[],[]
30823,[],0,0.0,0.0,0.0,0.0,0.0,0.0,[],[],[]
30824,[],0,0.0,0.0,0.0,0.0,0.0,0.0,[],[],[]
30825,[],0,0.0,0.0,0.0,0.0,0.0,0.0,[],[],[]
30826,[],0,0.0,0.0,0.0,0.0,0.0,0.0,[],[],[]
30827,[],0,0.0,0.0,0.0,0.0,0.0,0.0,[],[],[]
30828,[],0,0.0,0.0,0.0,0.0,0.0,0.0,[],[],[]
30829,[],0,0.0,0.0,0.0,0.0,0.0,0.0,[],[],[]
30830,[],0,0.0,0.0,0.0,0.0,0.0,0.0,[],[],[]
30831,[],0,0.0,0.0,0.0,0.0,0.0,0.0,[],[],[]
30832,[],0,0.0,0.0,0.0,0.0,0.0,0.0,[],[],[]
30833,[],0,0.0,0.0,0.0,0.0,0.0,0.0,[],[],[]
30834,[],0,0.0,0.0,0.0,0.0,0.0,0.0,[],[],[]
30835,[],0,0.0,0.0,0.0,0.0,0.0,0.0,[],[],[]
30836,[],0,0.0,0.0,0.0,0.0,0.0,0.0,[],[],[]
30837,[],0,0.0,0.0,0.0,0.0,0.0,0.0,[],[],[]
30838,[],0,0.0,0.0,0.0,0.0,0.0,0.0,[],[],[]
30839,[],0,0.0,0.0,0.0,0.0,0.0,0.0,[],[],[]
30840,[],0,0.0,0.0,0.0,0.0,0.0,0.0,[],[],[]
30841,[],0,0.0,0.0,0.0,0.0,0.0,0.0,[],[],[]
30842,[],0,0.0,0.0,0.0,0.0,0.0,0.0,[],[],[]
30843,[],0,0.0,0.0,0.0,0.0,0.0,0.0,[],[],[]
30844,[],0,0.0,0.0,0.0,0.0,0.0,0.0,[],[],[]
30845,[],0,0.0,0.0,0.0,0.0,0.0,0.0,[],[],[]
30846,[],0,0.0,0.0,0.0,0.0,0.0,0.0,[],[],[]
30847,[],0,0.0,0.0,0.0,0.0,0.0,0.0,[],[],[]
30848,[],0,0.0,0.0,0.0,0.0,0.0,0.0,[],[],[]
30849,[],0,0.0,0.0,0.0,0.0,0.0,0.0,[],[],[]
30850,[],0,0.0,0.0,0.0,0.0,0.0,0.0,[],[],[]
30851,[1756],1,80.79999999999927,80.79999999999927,33.70000000000073,33.70000000000073,114.5,114.5,[80.8],[33.7],[114.5]
30852,[1756],1,80.79999999999927,80.79999999999927,33.70000000000073,33.70000000000073,114.5,114.5,[80.8],[33.7],[114.5]
30853,[1756],1,80.79999999999927,80.79999999999927,33.70000000000073,33.70000000000073,114.5,114.5,[80.8],[33.7],[114.5]
30854,[1756],1,80.79999999999927,80.79999999999927,33.70000000000073,33.70000000000073,114.5,114.5,[80.8],[33.7],[114.5]
30855,[1756],1,80.79999999999927,80.79999999999927,33.70000000000073,33.70000000000073,114.5,114.5,[80.8],[33.7],[114.5]
30856,[1756],1,80.79999999999927,80.79999999999927,33.70000000000073,33.70000000000073,114.5,114.5,[80.8],[33.7],[114.5]
30857,[1756],1,80.79999999999927,80.79999999999927,33.70000000000073,33.70000000000073,114.5,114.5,[80.8],[33.7],[114.5]
30858,[1756],1,80.79999999999927,80.79999999999927,33.70000000000073,33.70000000000073,114.5,114.5,[80.8],[33.7],[114.5]
30859,[1756 1762],2,76.79999999999927,80.79999999999927,43.53909100000055,53.37818200000038,120.33909099999983,126.17818199999965,[80.8 72.8],[33.7      53.378182],[114.5      126.178182]
30860,[1756 1762],2,76.79999999999927,80.79999999999927,43.53909100000055,53.37818200000038,120.33909099999983,126.17818199999965,[80.8 72.8],[33.7      53.378182],[114.5      126.178182]
30861,[1756 1762],2,76.79999999999927,80.79999999999927,43.53909100000055,53.37818200000038,120.33909099999983,126.17818199999965,[80.8 72.8],[33.7      53.378182],[114.5      126.178182]
30862,[1756 1762],2,76.79999999999927,80.79999999999927,43.53909100000055,53.37818200000038,120.33909099999983,126.17818199999965,[80.8 72.8],[33.7      53.378182],[114.5      126.178182]
30863,[1756 1762],2,76.79999999999927,80.79999999999927,43.53909100000055,53.37818200000038,120.33909099999983,126.17818199999965,[80.8 72.8],[33.7      53.378182],[114.5      126.178182]
30864,[1756 1762],2,76.79999999999927,80.79999999999927,43.53909100000055,53.37818200000038,120.33909099999983,126.17818199999965,[80.8 72.8],[33.7      53.378182],[114.5      126.178182]
30865,[1756 1762],2,76.79999999999927,80.79999999999927,43.53909100000055,53.37818200000038,120.33909099999983,126.17818199999965,[80.8 72.8],[33.7      53.378182],[114.5      126.178182]
30866,[1756 1762],2,76.79999999999927,80.79999999999927,43.53909100000055,53.37818200000038,120.33909099999983,126.17818199999965,[80.8 72.8],[33.7      53.378182],[114.5      126.178182]
30867,[1756 1762],2,76.79999999999927,80.79999999999927,43.53909100000055,53.37818200000038,120.33909099999983,126.17818199999965,[80.8 72.8],[33.7      53.378182],[114.5      126.178182]
30868,[1756 1762],2,76.79999999999927,80.79999999999927,43.53909100000055,53.37818200000038,120.33909099999983,126.17818199999965,[80.8 72.8],[33.7      53.378182],[114.5      126.178182]
30869,[1756 1762],2,76.79999999999927,80.79999999999927,43.53909100000055,53.37818200000038,120.33909099999983,126.17818199999965,[80.8 72.8],[33.7      53.378182],[114.5      126.178182]
30870,[1756 1762],2,76.79999999999927,80.79999999999927,43.53909100000055,53.37818200000038,120.33909099999983,126.17818199999965,[80.8 72.8],[33.7      53.378182],[114.5      126.178182]
30871,[1756 1762],2,76.79999999999927,80.79999999999927,43.53909100000055,53.37818200000038,120.33909099999983,126.17818199999965,[80.8 72.8],[33.7      53.378182],[114.5      126.178182]
30872,[1756 1762],2,76.79999999999927,80.79999999999927,43.53909100000055,53.37818200000038,120.33909099999983,126.17818199999965,[80.8 72.8],[33.7      53.378182],[114.5      126.178182]
30873,[1756 1762],2,76.79999999999927,80.79999999999927,43.53909100000055,53.37818200000038,120.33909099999983,126.17818199999965,[80.8 72.8],[33.7      53.378182],[114.5      126.178182]
30874,[1756 1762],2,76.79999999999927,80.79999999999927,43.53909100000055,53.37818200000038,120.33909099999983,126.17818199999965,[80.8 72.8],[33.7      53.378182],[114.5      126.178182]
30875,[1756 1762],2,76.79999999999927,80.79999999999927,43.53909100000055,53.37818200000038,120.33909099999983,126.17818199999965,[80.8 72.8],[33.7      53.378182],[114.5      126.178182]
30876,[1756 1762],2,76.79999999999927,80.79999999999927,43.53909100000055,53.37818200000038,120.33909099999983,126.17818199999965,[80.8 72.8],[33.7      53.378182],[114.5      126.178182]
30877,[1756 1762],2,76.79999999999927,80.79999999999927,43.53909100000055,53.37818200000038,120.33909099999983,126.17818199999965,[80.8 72.8],[33.7      53.378182],[114.5      126.178182]
30878,[1756 1762],2,76.79999999999927,80.79999999999927,43.53909100000055,53.37818200000038,120.33909099999983,126.17818199999965,[80.8 72.8],[33.7      53.378182],[114.5      126.178182]
30879,[1756 1762],2,76.79999999999927,80.79999999999927,43.53909100000055,53.37818200000038,120.33909099999983,126.17818199999965,[80.8 72.8],[33.7      53.378182],[114.5      126.178182]
30880,[1756 1762],2,76.79999999999927,80.79999999999927,43.53909100000055,53.37818200000038,120.33909099999983,126.17818199999965,[80.8 72.8],[33.7      53.378182],[114.5      126.178182]
30881,[1756 1762],2,76.79999999999927,80.79999999999927,43.53909100000055,53.37818200000038,120.33909099999983,126.17818199999965,[80.8 72.8],[33.7      53.378182],[114.5      126.178182]
30882,[1756 1762],2,76.79999999999927,80.79999999999927,43.53909100000055,53.37818200000038,120.33909099999983,126.17818199999965,[80.8 72.8],[33.7      53.378182],[114.5      126.178182]
30883,[1756 1762],2,76.79999999999927,80.79999999999927,43.53909100000055,53.37818200000038,120.33909099999983,126.17818199999965,[80.8 72.8],[33.7      53.378182],[114.5      126.178182]
30884,[1756 1762],2,76.79999999999927,80.79999999999927,43.53909100000055,53.37818200000038,120.33909099999983,126.17818199999965,[80.8 72.8],[33.7      53.378182],[114.5      126.178182]
30885,[1756 1762],2,76.79999999999927,80.79999999999927,43.53909100000055,53.37818200000038,120.33909099999983,126.17818199999965,[80.8 72.8],[33.7      53.378182],[114.5      126.178182]
30886,[1756 1762],2,76.79999999999927,80.79999999999927,43.53909100000055,53.37818200000038,120.33909099999983,126.17818199999965,[80.8 72.8],[33.7      53.378182],[114.5      126.178182]
30887,[1756 1762],2,76.79999999999927,80.79999999999927,43.53909100000055,53.37818200000038,120.33909099999983,126.17818199999965,[80.8 72.8],[33.7      53.378182],[114.5      126.178182]
30888,[1756 1762],2,76.79999999999927,80.79999999999927,43.53909100000055,53.37818200000038,120.33909099999983,126.17818199999965,[80.8 72.8],[33.7      53.378182],[114.5      126.178182]
30889,[1756 1762],2,76.79999999999927,80.79999999999927,43.53909100000055,53.37818200000038,120.33909099999983,126.17818199999965,[80.8 72.8],[33.7      53.378182],[114.5      126.178182]
30890,[1756 1762],2,76.79999999999927,80.79999999999927,43.53909100000055,53.37818200000038,120.33909099999983,126.17818199999965,[80.8 72.8],[33.7      53.378182],[114.5      126.178182]
30891,[1756 1762],2,76.79999999999927,80.79999999999927,43.53909100000055,53.37818200000038,120.33909099999983,126.17818199999965,[80.8 72.8],[33.7      53.378182],[114.5      126.178182]
30892,[1756 1762],2,76.79999999999927,80.79999999999927,43.53909100000055,53.37818200000038,120.33909099999983,126.17818199999965,[80.8 72.8],[33.7      53.378182],[114.5      126.178182]
30893,[1756 1762],2,76.79999999999927,80.79999999999927,43.53909100000055,53.37818200000038,120.33909099999983,126.17818199999965,[80.8 72.8],[33.7      53.378182],[114.5      126.178182]
30894,[1756 1762],2,76.79999999999927,80.79999999999927,43.53909100000055,53.37818200000038,120.33909099999983,126.17818199999965,[80.8 72.8],[33.7      53.378182],[114.5      126.178182]
30895,[1756 1762],2,76.79999999999927,80.79999999999927,43.53909100000055,53.37818200000038,120.33909099999983,126.17818199999965,[80.8 72.8],[33.7      53.378182],[114.5      126.178182]
30896,[1756 1762],2,76.79999999999927,80.79999999999927,43.53909100000055,53.37818200000038,120.33909099999983,126.17818199999965,[80.8 72.8],[33.7      53.378182],[114.5      126.178182]
30897,[1756 1762],2,76.79999999999927,80.79999999999927,43.53909100000055,53.37818200000038,120.33909099999983,126.17818199999965,[80.8 72.8],[33.7      53.378182],[114.5      126.178182]
30898,[1756 1762],2,76.79999999999927,80.79999999999927,43.53909100000055,53.37818200000038,120.33909099999983,126.17818199999965,[80.8 72.8],[33.7      53.378182],[114.5      126.178182]
30899,[1756 1762 1800],3,62.13333333333261,80.79999999999927,46.818788000000495,53.37818200000038,108.9521213333331,126.17818199999965,[80.8 72.8 32.8],[33.7      53.378182 53.378182],[114.5      126.178182  86.178182]
30900,[1756 1762 1800],3,62.13333333333261,80.79999999999927,46.818788000000495,53.37818200000038,108.9521213333331,126.17818199999965,[80.8 72.8 32.8],[33.7      53.378182 53.378182],[114.5      126.178182  86.178182]
30901,[1756 1762 1800],3,62.13333333333261,80.79999999999927,46.818788000000495,53.37818200000038,108.9521213333331,126.17818199999965,[80.8 72.8 32.8],[33.7      53.378182 53.378182],[114.5      126.178182  86.178182]
30902,[1756 1762 1800],3,62.13333333333261,80.79999999999927,46.818788000000495,53.37818200000038,108.9521213333331,126.17818199999965,[80.8 72.8 32.8],[33.7      53.378182 53.378182],[114.5      126.178182  86.178182]
30903,[1756 1762 1800],3,62.13333333333261,80.79999999999927,46.818788000000495,53.37818200000038,108.9521213333331,126.17818199999965,[80.8 72.8 32.8],[33.7      53.378182 53.378182],[114.5      126.178182  86.178182]
30904,[1756 1762 1800],3,62.13333333333261,80.79999999999927,46.818788000000495,53.37818200000038,108.9521213333331,126.17818199999965,[80.8 72.8 32.8],[33.7      53.378182 53.378182],[114.5      126.178182  86.178182]
30905,[1756 1762 1800],3,62.13333333333261,80.79999999999927,46.818788000000495,53.37818200000038,108.9521213333331,126.17818199999965,[80.8 72.8 32.8],[33.7      53.378182 53.378182],[114.5      126.178182  86.178182]
30906,[1756 1762 1800],3,62.13333333333261,80.79999999999927,46.818788000000495,53.37818200000038,108.9521213333331,126.17818199999965,[80.8 72.8 32.8],[33.7      53.378182 53.378182],[114.5      126.178182  86.178182]
30907,[1756 1762 1800],3,62.13333333333261,80.79999999999927,46.818788000000495,53.37818200000038,108.9521213333331,126.17818199999965,[80.8 72.8 32.8],[33.7      53.378182 53.378182],[114.5      126.178182  86.178182]
30908,[1756 1762 1800],3,62.13333333333261,80.79999999999927,46.818788000000495,53.37818200000038,108.9521213333331,126.17818199999965,[80.8 72.8 32.8],[33.7      53.378182 53.378182],[114.5      126.178182  86.178182]
30909,[1756 1762 1800],3,62.13333333333261,80.79999999999927,46.818788000000495,53.37818200000038,108.9521213333331,126.17818199999965,[80.8 72.8 32.8],[33.7      53.378182 53.378182],[114.5      126.178182  86.178182]
30910,[1756 1762 1800],3,62.13333333333261,80.79999999999927,46.818788000000495,53.37818200000038,108.9521213333331,126.17818199999965,[80.8 72.8 32.8],[33.7      53.378182 53.378182],[114.5      126.178182  86.178182]
30911,[1756 1762 1800],3,62.13333333333261,80.79999999999927,46.818788000000495,53.37818200000038,108.9521213333331,126.17818199999965,[80.8 72.8 32.8],[33.7      53.378182 53.378182],[114.5      126.178182  86.178182]
30912,[1756 1762 1800],3,62.13333333333261,80.79999999999927,46.818788000000495,53.37818200000038,108.9521213333331,126.17818199999965,[80.8 72.8 32.8],[33.7      53.378182 53.378182],[114.5      126.178182  86.178182]
30913,[1756 1762 1800],3,62.13333333333261,80.79999999999927,46.818788000000495,53.37818200000038,108.9521213333331,126.17818199999965,[80.8 72.8 32.8],[33.7      53.378182 53.378182],[114.5      126.178182  86.178182]
30914,[1756 1762 1800],3,62.13333333333261,80.79999999999927,46.818788000000495,53.37818200000038,108.9521213333331,126.17818199999965,[80.8 72.8 32.8],[33.7      53.378182 53.378182],[114.5      126.178182  86.178182]
30915,[1756 1762 1800],3,62.13333333333261,80.79999999999927,46.818788000000495,53.37818200000038,108.9521213333331,126.17818199999965,[80.8 72.8 32.8],[33.7      53.378182 53.378182],[114.5      126.178182  86.178182]
30916,[1756 1762 1800],3,62.13333333333261,80.79999999999927,46.818788000000495,53.37818200000038,108.9521213333331,126.17818199999965,[80.8 72.8 32.8],[33.7      53.378182 53.378182],[114.5      126.178182  86.178182]
30917,[1756 1762 1800],3,62.13333333333261,80.79999999999927,46.818788000000495,53.37818200000038,108.9521213333331,126.17818199999965,[80.8 72.8 32.8],[33.7      53.378182 53.378182],[114.5      126.178182  86.178182]
30918,[1756 1762 1800],3,62.13333333333261,80.79999999999927,46.818788000000495,53.37818200000038,108.9521213333331,126.17818199999965,[80.8 72.8 32.8],[33.7      53.378182 53.378182],[114.5      126.178182  86.178182]
30919,[1756 1762 1800],3,62.13333333333261,80.79999999999927,46.818788000000495,53.37818200000038,108.9521213333331,126.17818199999965,[80.8 72.8 32.8],[33.7      53.378182 53.378182],[114.5      126.178182  86.178182]
30920,[1756 1762 1800],3,62.13333333333261,80.79999999999927,46.818788000000495,53.37818200000038,108.9521213333331,126.17818199999965,[80.8 72.8 32.8],[33.7      53.378182 53.378182],[114.5      126.178182  86.178182]
30921,[1756 1762 1800],3,62.13333333333261,80.79999999999927,46.818788000000495,53.37818200000038,108.9521213333331,126.17818199999965,[80.8 72.8 32.8],[33.7      53.378182 53.378182],[114.5      126.178182  86.178182]
30922,[1756 1762 1800],3,62.13333333333261,80.79999999999927,46.818788000000495,53.37818200000038,108.9521213333331,126.17818199999965,[80.8 72.8 32.8],[33.7      53.378182 53.378182],[114.5      126.178182  86.178182]
30923,[1756 1762 1800],3,62.13333333333261,80.79999999999927,46.818788000000495,53.37818200000038,108.9521213333331,126.17818199999965,[80.8 72.8 32.8],[33.7      53.378182 53.378182],[114.5      126.178182  86.178182]
30924,[1756 1762 1800],3,62.13333333333261,80.79999999999927,46.818788000000495,53.37818200000038,108.9521213333331,126.17818199999965,[80.8 72.8 32.8],[33.7      53.378182 53.378182],[114.5      126.178182  86.178182]
30925,[1756 1762 1800],3,62.13333333333261,80.79999999999927,46.818788000000495,53.37818200000038,108.9521213333331,126.17818199999965,[80.8 72.8 32.8],[33.7      53.378182 53.378182],[114.5      126.178182  86.178182]
30926,[1756 1762 1800],3,62.13333333333261,80.79999999999927,46.818788000000495,53.37818200000038,108.9521213333331,126.17818199999965,[80.8 72.8 32.8],[33.7      53.378182 53.378182],[114.5      126.178182  86.178182]
30927,[1756 1762 1800],3,62.13333333333261,80.79999999999927,46.818788000000495,53.37818200000038,108.9521213333331,126.17818199999965,[80.8 72.8 32.8],[33.7      53.378182 53.378182],[114.5      126.178182  86.178182]
30928,[1756 1762 1800],3,62.13333333333261,80.79999999999927,46.818788000000495,53.37818200000038,108.9521213333331,126.17818199999965,[80.8 72.8 32.8],[33.7      53.378182 53.378182],[114.5      126.178182  86.178182]
30929,[1756 1762 1800],3,62.13333333333261,80.79999999999927,46.818788000000495,53.37818200000038,108.9521213333331,126.17818199999965,[80.8 72.8 32.8],[33.7      53.378182 53.378182],[114.5      126.178182  86.178182]
30930,[1756 1762 1800],3,62.13333333333261,80.79999999999927,46.818788000000495,53.37818200000038,108.9521213333331,126.17818199999965,[80.8 72.8 32.8],[33.7      53.378182 53.378182],[114.5      126.178182  86.178182]
30931,[1756 1762 1800],3,62.13333333333261,80.79999999999927,46.818788000000495,53.37818200000038,108.9521213333331,126.17818199999965,[80.8 72.8 32.8],[33.7      53.378182 53.378182],[114.5      126.178182  86.178182]
30932,[],0,0.0,0.0,0.0,0.0,0.0,0.0,[],[],[]
30933,[1827],1,118.09999999999854,118.09999999999854,46.78350000000137,46.78350000000137,164.8834999999999,164.8834999999999,[118.1],[46.7835],[164.8835]
30934,[1827],1,118.09999999999854,118.09999999999854,46.78350000000137,46.78350000000137,164.8834999999999,164.8834999999999,[118.1],[46.7835],[164.8835]
30935,[1827],1,118.09999999999854,118.09999999999854,46.78350000000137,46.78350000000137,164.8834999999999,164.8834999999999,[118.1],[46.7835],[164.8835]
30936,[1827],1,118.09999999999854,118.09999999999854,46.78350000000137,46.78350000000137,164.8834999999999,164.8834999999999,[118.1],[46.7835],[164.8835]
30937,[1827],1,118.09999999999854,118.09999999999854,46.78350000000137,46.78350000000137,164.8834999999999,164.8834999999999,[118.1],[46.7835],[164.8835]
30938,[1827],1,118.09999999999854,118.09999999999854,46.78350000000137,46.78350000000137,164.8834999999999,164.8834999999999,[118.1],[46.7835],[164.8835]
30939,[1827],1,118.09999999999854,118.09999999999854,46.78350000000137,46.78350000000137,164.8834999999999,164.8834999999999,[118.1],[46.7835],[164.8835]
30940,[1827],1,118.09999999999854,118.09999999999854,46.78350000000137,46.78350000000137,164.8834999999999,164.8834999999999,[118.1],[46.7835],[164.8835]
30941,[1827],1,118.09999999999854,118.09999999999854,46.78350000000137,46.78350000000137,164.8834999999999,164.8834999999999,[118.1],[46.7835],[164.8835]
30942,[1827],1,118.09999999999854,118.09999999999854,46.78350000000137,46.78350000000137,164.8834999999999,164.8834999999999,[118.1],[46.7835],[164.8835]
30943,[1827],1,118.09999999999854,118.09999999999854,46.78350000000137,46.78350000000137,164.8834999999999,164.8834999999999,[118.1],[46.7835],[164.8835]
30944,[1827],1,118.09999999999854,118.09999999999854,46.78350000000137,46.78350000000137,164.8834999999999,164.8834999999999,[118.1],[46.7835],[164.8835]
30945,[1827],1,118.09999999999854,118.09999999999854,46.78350000000137,46.78350000000137,164.8834999999999,164.8834999999999,[118.1],[46.7835],[164.8835]
30946,[1827],1,118.09999999999854,118.09999999999854,46.78350000000137,46.78350000000137,164.8834999999999,164.8834999999999,[118.1],[46.7835],[164.8835]
30947,[1827],1,118.09999999999854,118.09999999999854,46.78350000000137,46.78350000000137,164.8834999999999,164.8834999999999,[118.1],[46.7835],[164.8835]
30948,[1827],1,118.09999999999854,118.09999999999854,46.78350000000137,46.78350000000137,164.8834999999999,164.8834999999999,[118.1],[46.7835],[164.8835]
30949,[1827],1,118.09999999999854,118.09999999999854,46.78350000000137,46.78350000000137,164.8834999999999,164.8834999999999,[118.1],[46.7835],[164.8835]
30950,[1827],1,118.09999999999854,118.09999999999854,46.78350000000137,46.78350000000137,164.8834999999999,164.8834999999999,[118.1],[46.7835],[164.8835]
30951,[1827],1,118.09999999999854,118.09999999999854,46.78350000000137,46.78350000000137,164.8834999999999,164.8834999999999,[118.1],[46.7835],[164.8835]
30952,[1827],1,118.09999999999854,118.09999999999854,46.78350000000137,46.78350000000137,164.8834999999999,164.8834999999999,[118.1],[46.7835],[164.8835]
30953,[1827],1,118.09999999999854,118.09999999999854,46.78350000000137,46.78350000000137,164.8834999999999,164.8834999999999,[118.1],[46.7835],[164.8835]
30954,[1827],1,118.09999999999854,118.09999999999854,46.78350000000137,46.78350000000137,164.8834999999999,164.8834999999999,[118.1],[46.7835],[164.8835]
30955,[1827],1,118.09999999999854,118.09999999999854,46.78350000000137,46.78350000000137,164.8834999999999,164.8834999999999,[118.1],[46.7835],[164.8835]
30956,[1827],1,118.09999999999854,118.09999999999854,46.78350000000137,46.78350000000137,164.8834999999999,164.8834999999999,[118.1],[46.7835],[164.8835]
30957,[1827],1,118.09999999999854,118.09999999999854,46.78350000000137,46.78350000000137,164.8834999999999,164.8834999999999,[118.1],[46.7835],[164.8835]
30958,[1827],1,118.09999999999854,118.09999999999854,46.78350000000137,46.78350000000137,164.8834999999999,164.8834999999999,[118.1],[46.7835],[164.8835]
30959,[1827],1,118.09999999999854,118.09999999999854,46.78350000000137,46.78350000000137,164.8834999999999,164.8834999999999,[118.1],[46.7835],[164.8835]
30960,[1827],1,118.09999999999854,118.09999999999854,46.78350000000137,46.78350000000137,164.8834999999999,164.8834999999999,[118.1],[46.7835],[164.8835]
30961,[1827],1,118.09999999999854,118.09999999999854,46.78350000000137,46.78350000000137,164.8834999999999,164.8834999999999,[118.1],[46.7835],[164.8835]
30962,[1827],1,118.09999999999854,118.09999999999854,46.78350000000137,46.78350000000137,164.8834999999999,164.8834999999999,[118.1],[46.7835],[164.8835]
30963,[1827],1,118.09999999999854,118.09999999999854,46.78350000000137,46.78350000000137,164.8834999999999,164.8834999999999,[118.1],[46.7835],[164.8835]
30964,[1827],1,118.09999999999854,118.09999999999854,46.78350000000137,46.78350000000137,164.8834999999999,164.8834999999999,[118.1],[46.7835],[164.8835]
30965,[1827],1,118.09999999999854,118.09999999999854,46.78350000000137,46.78350000000137,164.8834999999999,164.8834999999999,[118.1],[46.7835],[164.8835]
30966,[1827],1,118.09999999999854,118.09999999999854,46.78350000000137,46.78350000000137,164.8834999999999,164.8834999999999,[118.1],[46.7835],[164.8835]
30967,[1827],1,118.09999999999854,118.09999999999854,46.78350000000137,46.78350000000137,164.8834999999999,164.8834999999999,[118.1],[46.7835],[164.8835]
30968,[1827],1,118.09999999999854,118.09999999999854,46.78350000000137,46.78350000000137,164.8834999999999,164.8834999999999,[118.1],[46.7835],[164.8835]
30969,[1827],1,118.09999999999854,118.09999999999854,46.78350000000137,46.78350000000137,164.8834999999999,164.8834999999999,[118.1],[46.7835],[164.8835]
30970,[1827],1,118.09999999999854,118.09999999999854,46.78350000000137,46.78350000000137,164.8834999999999,164.8834999999999,[118.1],[46.7835],[164.8835]
30971,[1827],1,118.09999999999854,118.09999999999854,46.78350000000137,46.78350000000137,164.8834999999999,164.8834999999999,[118.1],[46.7835],[164.8835]
30972,[1827],1,118.09999999999854,118.09999999999854,46.78350000000137,46.78350000000137,164.8834999999999,164.8834999999999,[118.1],[46.7835],[164.8835]
30973,[1827],1,118.09999999999854,118.09999999999854,46.78350000000137,46.78350000000137,164.8834999999999,164.8834999999999,[118.1],[46.7835],[164.8835]
30974,[1827],1,118.09999999999854,118.09999999999854,46.78350000000137,46.78350000000137,164.8834999999999,164.8834999999999,[118.1],[46.7835],[164.8835]
30975,[1827],1,118.09999999999854,118.09999999999854,46.78350000000137,46.78350000000137,164.8834999999999,164.8834999999999,[118.1],[46.7835],[164.8835]
30976,[1827],1,118.09999999999854,118.09999999999854,46.78350000000137,46.78350000000137,164.8834999999999,164.8834999999999,[118.1],[46.7835],[164.8835]
30977,[1827],1,118.09999999999854,118.09999999999854,46.78350000000137,46.78350000000137,164.8834999999999,164.8834999999999,[118.1],[46.7835],[164.8835]
30978,[1827],1,118.09999999999854,118.09999999999854,46.78350000000137,46.78350000000137,164.8834999999999,164.8834999999999,[118.1],[46.7835],[164.8835]
30979,[1827],1,118.09999999999854,118.09999999999854,46.78350000000137,46.78350000000137,164.8834999999999,164.8834999999999,[118.1],[46.7835],[164.8835]
30980,[1827],1,118.09999999999854,118.09999999999854,46.78350000000137,46.78350000000137,164.8834999999999,164.8834999999999,[118.1],[46.7835],[164.8835]
30981,[1827 1868],2,94.09999999999854,118.09999999999854,38.641750000000684,46.78350000000137,132.74174999999923,164.8834999999999,[118.1  70.1],[46.7835 30.5   ],[164.8835 100.6   ]
30982,[1827 1868],2,94.09999999999854,118.09999999999854,38.641750000000684,46.78350000000137,132.74174999999923,164.8834999999999,[118.1  70.1],[46.7835 30.5   ],[164.8835 100.6   ]
30983,[1827 1868],2,94.09999999999854,118.09999999999854,38.641750000000684,46.78350000000137,132.74174999999923,164.8834999999999,[118.1  70.1],[46.7835 30.5   ],[164.8835 100.6   ]
30984,[1827 1868],2,94.09999999999854,118.09999999999854,38.641750000000684,46.78350000000137,132.74174999999923,164.8834999999999,[118.1  70.1],[46.7835 30.5   ],[164.8835 100.6   ]
30985,[1827 1868],2,94.09999999999854,118.09999999999854,38.641750000000684,46.78350000000137,132.74174999999923,164.8834999999999,[118.1  70.1],[46.7835 30.5   ],[164.8835 100.6   ]
30986,[1827 1868],2,94.09999999999854,118.09999999999854,38.641750000000684,46.78350000000137,132.74174999999923,164.8834999999999,[118.1  70.1],[46.7835 30.5   ],[164.8835 100.6   ]
30987,[1827 1868],2,94.09999999999854,118.09999999999854,38.641750000000684,46.78350000000137,132.74174999999923,164.8834999999999,[118.1  70.1],[46.7835 30.5   ],[164.8835 100.6   ]
30988,[1827 1868],2,94.09999999999854,118.09999999999854,38.641750000000684,46.78350000000137,132.74174999999923,164.8834999999999,[118.1  70.1],[46.7835 30.5   ],[164.8835 100.6   ]
30989,[1827 1868],2,94.09999999999854,118.09999999999854,38.641750000000684,46.78350000000137,132.74174999999923,164.8834999999999,[118.1  70.1],[46.7835 30.5   ],[164.8835 100.6   ]
30990,[1827 1868],2,94.09999999999854,118.09999999999854,38.641750000000684,46.78350000000137,132.74174999999923,164.8834999999999,[118.1  70.1],[46.7835 30.5   ],[164.8835 100.6   ]
30991,[1827 1868],2,94.09999999999854,118.09999999999854,38.641750000000684,46.78350000000137,132.74174999999923,164.8834999999999,[118.1  70.1],[46.7835 30.5   ],[164.8835 100.6   ]
30992,[1827 1868],2,94.09999999999854,118.09999999999854,38.641750000000684,46.78350000000137,132.74174999999923,164.8834999999999,[118.1  70.1],[46.7835 30.5   ],[164.8835 100.6   ]
30993,[1827 1868],2,94.09999999999854,118.09999999999854,38.641750000000684,46.78350000000137,132.74174999999923,164.8834999999999,[118.1  70.1],[46.7835 30.5   ],[164.8835 100.6   ]
30994,[1827 1868],2,94.09999999999854,118.09999999999854,38.641750000000684,46.78350000000137,132.74174999999923,164.8834999999999,[118.1  70.1],[46.7835 30.5   ],[164.8835 100.6   ]
30995,[1827 1868],2,94.09999999999854,118.09999999999854,38.641750000000684,46.78350000000137,132.74174999999923,164.8834999999999,[118.1  70.1],[46.7835 30.5   ],[164.8835 100.6   ]
30996,[1827 1868],2,94.09999999999854,118.09999999999854,38.641750000000684,46.78350000000137,132.74174999999923,164.8834999999999,[118.1  70.1],[46.7835 30.5   ],[164.8835 100.6   ]
30997,[1827 1868],2,94.09999999999854,118.09999999999854,38.641750000000684,46.78350000000137,132.74174999999923,164.8834999999999,[118.1  70.1],[46.7835 30.5   ],[164.8835 100.6   ]
30998,[1827 1868],2,94.09999999999854,118.09999999999854,38.641750000000684,46.78350000000137,132.74174999999923,164.8834999999999,[118.1  70.1],[46.7835 30.5   ],[164.8835 100.6   ]
30999,[1827 1868],2,94.09999999999854,118.09999999999854,38.641750000000684,46.78350000000137,132.74174999999923,164.8834999999999,[118.1  70.1],[46.7835 30.5   ],[164.8835 100.6   ]
31000,[1827 1868],2,94.09999999999854,118.09999999999854,38.641750000000684,46.78350000000137,132.74174999999923,164.8834999999999,[118.1  70.1],[46.7835 30.5   ],[164.8835 100.6   ]
31001,[1827 1868],2,94.09999999999854,118.09999999999854,38.641750000000684,46.78350000000137,132.74174999999923,164.8834999999999,[118.1  70.1],[46.7835 30.5   ],[164.8835 100.6   ]
31002,[1827 1868],2,94.09999999999854,118.09999999999854,38.641750000000684,46.78350000000137,132.74174999999923,164.8834999999999,[118.1  70.1],[46.7835 30.5   ],[164.8835 100.6   ]
31003,[1827 1868],2,94.09999999999854,118.09999999999854,38.641750000000684,46.78350000000137,132.74174999999923,164.8834999999999,[118.1  70.1],[46.7835 30.5   ],[164.8835 100.6   ]
31004,[1827 1868],2,94.09999999999854,118.09999999999854,38.641750000000684,46.78350000000137,132.74174999999923,164.8834999999999,[118.1  70.1],[46.7835 30.5   ],[164.8835 100.6   ]
31005,[1827 1868],2,94.09999999999854,118.09999999999854,38.641750000000684,46.78350000000137,132.74174999999923,164.8834999999999,[118.1  70.1],[46.7835 30.5   ],[164.8835 100.6   ]
31006,[1827 1868],2,94.09999999999854,118.09999999999854,38.641750000000684,46.78350000000137,132.74174999999923,164.8834999999999,[118.1  70.1],[46.7835 30.5   ],[164.8835 100.6   ]
31007,[1827 1868],2,94.09999999999854,118.09999999999854,38.641750000000684,46.78350000000137,132.74174999999923,164.8834999999999,[118.1  70.1],[46.7835 30.5   ],[164.8835 100.6   ]
31008,[1827 1868],2,94.09999999999854,118.09999999999854,38.641750000000684,46.78350000000137,132.74174999999923,164.8834999999999,[118.1  70.1],[46.7835 30.5   ],[164.8835 100.6   ]
31009,[1827 1868],2,94.09999999999854,118.09999999999854,38.641750000000684,46.78350000000137,132.74174999999923,164.8834999999999,[118.1  70.1],[46.7835 30.5   ],[164.8835 100.6   ]
31010,[1827 1868],2,94.09999999999854,118.09999999999854,38.641750000000684,46.78350000000137,132.74174999999923,164.8834999999999,[118.1  70.1],[46.7835 30.5   ],[164.8835 100.6   ]
31011,[1827 1868],2,94.09999999999854,118.09999999999854,38.641750000000684,46.78350000000137,132.74174999999923,164.8834999999999,[118.1  70.1],[46.7835 30.5   ],[164.8835 100.6   ]
31012,[1827 1868],2,94.09999999999854,118.09999999999854,38.641750000000684,46.78350000000137,132.74174999999923,164.8834999999999,[118.1  70.1],[46.7835 30.5   ],[164.8835 100.6   ]
31013,[1827 1868],2,94.09999999999854,118.09999999999854,38.641750000000684,46.78350000000137,132.74174999999923,164.8834999999999,[118.1  70.1],[46.7835 30.5   ],[164.8835 100.6   ]
31014,[1827 1868],2,94.09999999999854,118.09999999999854,38.641750000000684,46.78350000000137,132.74174999999923,164.8834999999999,[118.1  70.1],[46.7835 30.5   ],[164.8835 100.6   ]
31015,[1827 1868],2,94.09999999999854,118.09999999999854,38.641750000000684,46.78350000000137,132.74174999999923,164.8834999999999,[118.1  70.1],[46.7835 30.5   ],[164.8835 100.6   ]
31016,[1827 1868],2,94.09999999999854,118.09999999999854,38.641750000000684,46.78350000000137,132.74174999999923,164.8834999999999,[118.1  70.1],[46.7835 30.5   ],[164.8835 100.6   ]
31017,[1827 1868],2,94.09999999999854,118.09999999999854,38.641750000000684,46.78350000000137,132.74174999999923,164.8834999999999,[118.1  70.1],[46.7835 30.5   ],[164.8835 100.6   ]
31018,[1827 1868],2,94.09999999999854,118.09999999999854,38.641750000000684,46.78350000000137,132.74174999999923,164.8834999999999,[118.1  70.1],[46.7835 30.5   ],[164.8835 100.6   ]
31019,[1827 1868],2,94.09999999999854,118.09999999999854,38.641750000000684,46.78350000000137,132.74174999999923,164.8834999999999,[118.1  70.1],[46.7835 30.5   ],[164.8835 100.6   ]
31020,[1827 1868],2,94.09999999999854,118.09999999999854,38.641750000000684,46.78350000000137,132.74174999999923,164.8834999999999,[118.1  70.1],[46.7835 30.5   ],[164.8835 100.6   ]
31021,[1827 1868],2,94.09999999999854,118.09999999999854,38.641750000000684,46.78350000000137,132.74174999999923,164.8834999999999,[118.1  70.1],[46.7835 30.5   ],[164.8835 100.6   ]
31022,[1827 1868],2,94.09999999999854,118.09999999999854,38.641750000000684,46.78350000000137,132.74174999999923,164.8834999999999,[118.1  70.1],[46.7835 30.5   ],[164.8835 100.6   ]
31023,[1827 1868],2,94.09999999999854,118.09999999999854,38.641750000000684,46.78350000000137,132.74174999999923,164.8834999999999,[118.1  70.1],[46.7835 30.5   ],[164.8835 100.6   ]
31024,[1827 1868],2,94.09999999999854,118.09999999999854,38.641750000000684,46.78350000000137,132.74174999999923,164.8834999999999,[118.1  70.1],[46.7835 30.5   ],[164.8835 100.6   ]
31025,[1827 1868],2,94.09999999999854,118.09999999999854,38.641750000000684,46.78350000000137,132.74174999999923,164.8834999999999,[118.1  70.1],[46.7835 30.5   ],[164.8835 100.6   ]
31026,[1827 1868],2,94.09999999999854,118.09999999999854,38.641750000000684,46.78350000000137,132.74174999999923,164.8834999999999,[118.1  70.1],[46.7835 30.5   ],[164.8835 100.6   ]
31027,[1827 1868],2,94.09999999999854,118.09999999999854,38.641750000000684,46.78350000000137,132.74174999999923,164.8834999999999,[118.1  70.1],[46.7835 30.5   ],[164.8835 100.6   ]
31028,[1827 1868],2,94.09999999999854,118.09999999999854,38.641750000000684,46.78350000000137,132.74174999999923,164.8834999999999,[118.1  70.1],[46.7835 30.5   ],[164.8835 100.6   ]
31029,[1827 1868],2,94.09999999999854,118.09999999999854,38.641750000000684,46.78350000000137,132.74174999999923,164.8834999999999,[118.1  70.1],[46.7835 30.5   ],[164.8835 100.6   ]
31030,[1827 1868],2,94.09999999999854,118.09999999999854,38.641750000000684,46.78350000000137,132.74174999999923,164.8834999999999,[118.1  70.1],[46.7835 30.5   ],[164.8835 100.6   ]
31031,[1827 1868],2,94.09999999999854,118.09999999999854,38.641750000000684,46.78350000000137,132.74174999999923,164.8834999999999,[118.1  70.1],[46.7835 30.5   ],[164.8835 100.6   ]
31032,[1827 1868],2,94.09999999999854,118.09999999999854,38.641750000000684,46.78350000000137,132.74174999999923,164.8834999999999,[118.1  70.1],[46.7835 30.5   ],[164.8835 100.6   ]
31033,[1827 1868],2,94.09999999999854,118.09999999999854,38.641750000000684,46.78350000000137,132.74174999999923,164.8834999999999,[118.1  70.1],[46.7835 30.5   ],[164.8835 100.6   ]
31034,[1827 1868],2,94.09999999999854,118.09999999999854,38.641750000000684,46.78350000000137,132.74174999999923,164.8834999999999,[118.1  70.1],[46.7835 30.5   ],[164.8835 100.6   ]
31035,[1827 1868],2,94.09999999999854,118.09999999999854,38.641750000000684,46.78350000000137,132.74174999999923,164.8834999999999,[118.1  70.1],[46.7835 30.5   ],[164.8835 100.6   ]
31036,[1827 1868],2,94.09999999999854,118.09999999999854,38.641750000000684,46.78350000000137,132.74174999999923,164.8834999999999,[118.1  70.1],[46.7835 30.5   ],[164.8835 100.6   ]
31037,[1827 1868],2,94.09999999999854,118.09999999999854,38.641750000000684,46.78350000000137,132.74174999999923,164.8834999999999,[118.1  70.1],[46.7835 30.5   ],[164.8835 100.6   ]
31038,[1827 1868],2,94.09999999999854,118.09999999999854,38.641750000000684,46.78350000000137,132.74174999999923,164.8834999999999,[118.1  70.1],[46.7835 30.5   ],[164.8835 100.6   ]
31039,[1827 1868],2,94.09999999999854,118.09999999999854,38.641750000000684,46.78350000000137,132.74174999999923,164.8834999999999,[118.1  70.1],[46.7835 30.5   ],[164.8835 100.6   ]
31040,[1827 1868],2,94.09999999999854,118.09999999999854,38.641750000000684,46.78350000000137,132.74174999999923,164.8834999999999,[118.1  70.1],[46.7835 30.5   ],[164.8835 100.6   ]
31041,[1827 1868],2,94.09999999999854,118.09999999999854,38.641750000000684,46.78350000000137,132.74174999999923,164.8834999999999,[118.1  70.1],[46.7835 30.5   ],[164.8835 100.6   ]
31042,[1827 1868],2,94.09999999999854,118.09999999999854,38.641750000000684,46.78350000000137,132.74174999999923,164.8834999999999,[118.1  70.1],[46.7835 30.5   ],[164.8835 100.6   ]
31043,[1827 1868],2,94.09999999999854,118.09999999999854,38.641750000000684,46.78350000000137,132.74174999999923,164.8834999999999,[118.1  70.1],[46.7835 30.5   ],[164.8835 100.6   ]
31044,[1827 1868],2,94.09999999999854,118.09999999999854,38.641750000000684,46.78350000000137,132.74174999999923,164.8834999999999,[118.1  70.1],[46.7835 30.5   ],[164.8835 100.6   ]
31045,[1827 1868],2,94.09999999999854,118.09999999999854,38.641750000000684,46.78350000000137,132.74174999999923,164.8834999999999,[118.1  70.1],[46.7835 30.5   ],[164.8835 100.6   ]
31046,[1827 1868],2,94.09999999999854,118.09999999999854,38.641750000000684,46.78350000000137,132.74174999999923,164.8834999999999,[118.1  70.1],[46.7835 30.5   ],[164.8835 100.6   ]
31047,[1827 1868],2,94.09999999999854,118.09999999999854,38.641750000000684,46.78350000000137,132.74174999999923,164.8834999999999,[118.1  70.1],[46.7835 30.5   ],[164.8835 100.6   ]
31048,[1827 1868],2,94.09999999999854,118.09999999999854,38.641750000000684,46.78350000000137,132.74174999999923,164.8834999999999,[118.1  70.1],[46.7835 30.5   ],[164.8835 100.6   ]
31049,[1827 1868],2,94.09999999999854,118.09999999999854,38.641750000000684,46.78350000000137,132.74174999999923,164.8834999999999,[118.1  70.1],[46.7835 30.5   ],[164.8835 100.6   ]
31050,[1827 1868 1919],3,63.099999999998545,118.09999999999854,35.92783333333379,46.78350000000137,99.02783333333234,164.8834999999999,[118.1  70.1   1.1],[46.7835 30.5    30.5   ],[164.8835 100.6     31.6   ]
31051,[1827 1868 1919],3,63.099999999998545,118.09999999999854,35.92783333333379,46.78350000000137,99.02783333333234,164.8834999999999,[118.1  70.1   1.1],[46.7835 30.5    30.5   ],[164.8835 100.6     31.6   ]
31052,[],0,0.0,0.0,0.0,0.0,0.0,0.0,[],[],[]
31053,[],0,0.0,0.0,0.0,0.0,0.0,0.0,[],[],[]
31054,[],0,0.0,0.0,0.0,0.0,0.0,0.0,[],[],[]
31055,[],0,0.0,0.0,0.0,0.0,0.0,0.0,[],[],[]
31056,[],0,0.0,0.0,0.0,0.0,0.0,0.0,[],[],[]
31057,[],0,0.0,0.0,0.0,0.0,0.0,0.0,[],[],[]
31058,[],0,0.0,0.0,0.0,0.0,0.0,0.0,[],[],[]
31059,[],0,0.0,0.0,0.0,0.0,0.0,0.0,[],[],[]
31060,[],0,0.0,0.0,0.0,0.0,0.0,0.0,[],[],[]
31061,[],0,0.0,0.0,0.0,0.0,0.0,0.0,[],[],[]
31062,[],0,0.0,0.0,0.0,0.0,0.0,0.0,[],[],[]
31063,[],0,0.0,0.0,0.0,0.0,0.0,0.0,[],[],[]
31064,[],0,0.0,0.0,0.0,0.0,0.0,0.0,[],[],[]
31065,[],0,0.0,0.0,0.0,0.0,0.0,0.0,[],[],[]
31066,[],0,0.0,0.0,0.0,0.0,0.0,0.0,[],[],[]
31067,[],0,0.0,0.0,0.0,0.0,0.0,0.0,[],[],[]
31068,[],0,0.0,0.0,0.0,0.0,0.0,0.0,[],[],[]
31069,[],0,0.0,0.0,0.0,0.0,0.0,0.0,[],[],[]
31070,[],0,0.0,0.0,0.0,0.0,0.0,0.0,[],[],[]
31071,[],0,0.0,0.0,0.0,0.0,0.0,0.0,[],[],[]
31072,[],0,0.0,0.0,0.0,0.0,0.0,0.0,[],[],[]
31073,[1941],1,177.3878790000017,177.3878790000017,29.71212099999684,29.71212099999684,207.09999999999854,207.09999999999854,[177.387879],[29.712121],[207.1]
31074,[1941],1,177.3878790000017,177.3878790000017,29.71212099999684,29.71212099999684,207.09999999999854,207.09999999999854,[177.387879],[29.712121],[207.1]
31075,[1941],1,177.3878790000017,177.3878790000017,29.71212099999684,29.71212099999684,207.09999999999854,207.09999999999854,[177.387879],[29.712121],[207.1]
31076,[1941],1,177.3878790000017,177.3878790000017,29.71212099999684,29.71212099999684,207.09999999999854,207.09999999999854,[177.387879],[29.712121],[207.1]
31077,[1941],1,177.3878790000017,177.3878790000017,29.71212099999684,29.71212099999684,207.09999999999854,207.09999999999854,[177.387879],[29.712121],[207.1]
31078,[1941],1,177.3878790000017,177.3878790000017,29.71212099999684,29.71212099999684,207.09999999999854,207.09999999999854,[177.387879],[29.712121],[207.1]
31079,[1941],1,177.3878790000017,177.3878790000017,29.71212099999684,29.71212099999684,207.09999999999854,207.09999999999854,[177.387879],[29.712121],[207.1]
31080,[1941],1,177.3878790000017,177.3878790000017,29.71212099999684,29.71212099999684,207.09999999999854,207.09999999999854,[177.387879],[29.712121],[207.1]
31081,[1941],1,177.3878790000017,177.3878790000017,29.71212099999684,29.71212099999684,207.09999999999854,207.09999999999854,[177.387879],[29.712121],[207.1]
31082,[1941],1,177.3878790000017,177.3878790000017,29.71212099999684,29.71212099999684,207.09999999999854,207.09999999999854,[177.387879],[29.712121],[207.1]
31083,[1941],1,177.3878790000017,177.3878790000017,29.71212099999684,29.71212099999684,207.09999999999854,207.09999999999854,[177.387879],[29.712121],[207.1]
31084,[1941],1,177.3878790000017,177.3878790000017,29.71212099999684,29.71212099999684,207.09999999999854,207.09999999999854,[177.387879],[29.712121],[207.1]
31085,[1941],1,177.3878790000017,177.3878790000017,29.71212099999684,29.71212099999684,207.09999999999854,207.09999999999854,[177.387879],[29.712121],[207.1]
31086,[1941],1,177.3878790000017,177.3878790000017,29.71212099999684,29.71212099999684,207.09999999999854,207.09999999999854,[177.387879],[29.712121],[207.1]
31087,[1941],1,177.3878790000017,177.3878790000017,29.71212099999684,29.71212099999684,207.09999999999854,207.09999999999854,[177.387879],[29.712121],[207.1]
31088,[1941],1,177.3878790000017,177.3878790000017,29.71212099999684,29.71212099999684,207.09999999999854,207.09999999999854,[177.387879],[29.712121],[207.1]
31089,[1941],1,177.3878790000017,177.3878790000017,29.71212099999684,29.71212099999684,207.09999999999854,207.09999999999854,[177.387879],[29.712121],[207.1]
31090,[1941],1,177.3878790000017,177.3878790000017,29.71212099999684,29.71212099999684,207.09999999999854,207.09999999999854,[177.387879],[29.712121],[207.1]
31091,[1941],1,177.3878790000017,177.3878790000017,29.71212099999684,29.71212099999684,207.09999999999854,207.09999999999854,[177.387879],[29.712121],[207.1]
31092,[1941],1,177.3878790000017,177.3878790000017,29.71212099999684,29.71212099999684,207.09999999999854,207.09999999999854,[177.387879],[29.712121],[207.1]
31093,[1941],1,177.3878790000017,177.3878790000017,29.71212099999684,29.71212099999684,207.09999999999854,207.09999999999854,[177.387879],[29.712121],[207.1]
31094,[1941],1,177.3878790000017,177.3878790000017,29.71212099999684,29.71212099999684,207.09999999999854,207.09999999999854,[177.387879],[29.712121],[207.1]
31095,[1941],1,177.3878790000017,177.3878790000017,29.71212099999684,29.71212099999684,207.09999999999854,207.09999999999854,[177.387879],[29.712121],[207.1]
31096,[1941],1,177.3878790000017,177.3878790000017,29.71212099999684,29.71212099999684,207.09999999999854,207.09999999999854,[177.387879],[29.712121],[207.1]
31097,[1941],1,177.3878790000017,177.3878790000017,29.71212099999684,29.71212099999684,207.09999999999854,207.09999999999854,[177.387879],[29.712121],[207.1]
31098,[1941],1,177.3878790000017,177.3878790000017,29.71212099999684,29.71212099999684,207.09999999999854,207.09999999999854,[177.387879],[29.712121],[207.1]
31099,[1941],1,177.3878790000017,177.3878790000017,29.71212099999684,29.71212099999684,207.09999999999854,207.09999999999854,[177.387879],[29.712121],[207.1]
31100,[1941],1,177.3878790000017,177.3878790000017,29.71212099999684,29.71212099999684,207.09999999999854,207.09999999999854,[177.387879],[29.712121],[207.1]
31101,[1941],1,177.3878790000017,177.3878790000017,29.71212099999684,29.71212099999684,207.09999999999854,207.09999999999854,[177.387879],[29.712121],[207.1]
31102,[1941],1,177.3878790000017,177.3878790000017,29.71212099999684,29.71212099999684,207.09999999999854,207.09999999999854,[177.387879],[29.712121],[207.1]
31103,[1941],1,177.3878790000017,177.3878790000017,29.71212099999684,29.71212099999684,207.09999999999854,207.09999999999854,[177.387879],[29.712121],[207.1]
31104,[1941],1,177.3878790000017,177.3878790000017,29.71212099999684,29.71212099999684,207.09999999999854,207.09999999999854,[177.387879],[29.712121],[207.1]
31105,[1941],1,177.3878790000017,177.3878790000017,29.71212099999684,29.71212099999684,207.09999999999854,207.09999999999854,[177.387879],[29.712121],[207.1]
31106,[1941],1,177.3878790000017,177.3878790000017,29.71212099999684,29.71212099999684,207.09999999999854,207.09999999999854,[177.387879],[29.712121],[207.1]
31107,[1941],1,177.3878790000017,177.3878790000017,29.71212099999684,29.71212099999684,207.09999999999854,207.09999999999854,[177.387879],[29.712121],[207.1]
31108,[1941],1,177.3878790000017,177.3878790000017,29.71212099999684,29.71212099999684,207.09999999999854,207.09999999999854,[177.387879],[29.712121],[207.1]
31109,[1941],1,177.3878790000017,177.3878790000017,29.71212099999684,29.71212099999684,207.09999999999854,207.09999999999854,[177.387879],[29.712121],[207.1]
31110,[1941],1,177.3878790000017,177.3878790000017,29.71212099999684,29.71212099999684,207.09999999999854,207.09999999999854,[177.387879],[29.712121],[207.1]
31111,[1941],1,177.3878790000017,177.3878790000017,29.71212099999684,29.71212099999684,207.09999999999854,207.09999999999854,[177.387879],[29.712121],[207.1]
31112,[1941],1,177.3878790000017,177.3878790000017,29.71212099999684,29.71212099999684,207.09999999999854,207.09999999999854,[177.387879],[29.712121],[207.1]
31113,[1941],1,177.3878790000017,177.3878790000017,29.71212099999684,29.71212099999684,207.09999999999854,207.09999999999854,[177.387879],[29.712121],[207.1]
31114,[1941],1,177.3878790000017,177.3878790000017,29.71212099999684,29.71212099999684,207.09999999999854,207.09999999999854,[177.387879],[29.712121],[207.1]
31115,[1941],1,177.3878790000017,177.3878790000017,29.71212099999684,29.71212099999684,207.09999999999854,207.09999999999854,[177.387879],[29.712121],[207.1]
31116,[1941],1,177.3878790000017,177.3878790000017,29.71212099999684,29.71212099999684,207.09999999999854,207.09999999999854,[177.387879],[29.712121],[207.1]
31117,[1941],1,177.3878790000017,177.3878790000017,29.71212099999684,29.71212099999684,207.09999999999854,207.09999999999854,[177.387879],[29.712121],[207.1]
31118,[1941],1,177.3878790000017,177.3878790000017,29.71212099999684,29.71212099999684,207.09999999999854,207.09999999999854,[177.387879],[29.712121],[207.1]
31119,[1941],1,177.3878790000017,177.3878790000017,29.71212099999684,29.71212099999684,207.09999999999854,207.09999999999854,[177.387879],[29.712121],[207.1]
31120,[1941],1,177.3878790000017,177.3878790000017,29.71212099999684,29.71212099999684,207.09999999999854,207.09999999999854,[177.387879],[29.712121],[207.1]
31121,[1941],1,177.3878790000017,177.3878790000017,29.71212099999684,29.71212099999684,207.09999999999854,207.09999999999854,[177.387879],[29.712121],[207.1]
31122,[1941],1,177.3878790000017,177.3878790000017,29.71212099999684,29.71212099999684,207.09999999999854,207.09999999999854,[177.387879],[29.712121],[207.1]
31123,[1941],1,177.3878790000017,177.3878790000017,29.71212099999684,29.71212099999684,207.09999999999854,207.09999999999854,[177.387879],[29.712121],[207.1]
31124,[1941],1,177.3878790000017,177.3878790000017,29.71212099999684,29.71212099999684,207.09999999999854,207.09999999999854,[177.387879],[29.712121],[207.1]
31125,[1941],1,177.3878790000017,177.3878790000017,29.71212099999684,29.71212099999684,207.09999999999854,207.09999999999854,[177.387879],[29.712121],[207.1]
31126,[1941],1,177.3878790000017,177.3878790000017,29.71212099999684,29.71212099999684,207.09999999999854,207.09999999999854,[177.387879],[29.712121],[207.1]
31127,[1941],1,177.3878790000017,177.3878790000017,29.71212099999684,29.71212099999684,207.09999999999854,207.09999999999854,[177.387879],[29.712121],[207.1]
31128,[1941],1,177.3878790000017,177.3878790000017,29.71212099999684,29.71212099999684,207.09999999999854,207.09999999999854,[177.387879],[29.712121],[207.1]
31129,[1941],1,177.3878790000017,177.3878790000017,29.71212099999684,29.71212099999684,207.09999999999854,207.09999999999854,[177.387879],[29.712121],[207.1]
31130,[1941],1,177.3878790000017,177.3878790000017,29.71212099999684,29.71212099999684,207.09999999999854,207.09999999999854,[177.387879],[29.712121],[207.1]
31131,[1941],1,177.3878790000017,177.3878790000017,29.71212099999684,29.71212099999684,207.09999999999854,207.09999999999854,[177.387879],[29.712121],[207.1]
31132,[1941 1990],2,117.19393950000085,177.3878790000017,31.55606049999915,33.400000000001455,148.75,207.09999999999854,[177.387879  57.      ],[29.712121 33.4     ],[207.1  90.4]
31133,[1941 1990 1992],3,96.79595966666723,177.3878790000017,32.170706999999915,33.400000000001455,128.96666666666715,207.09999999999854,[177.387879  57.        56.      ],[29.712121 33.4      33.4     ],[207.1  90.4  89.4]
31134,[1941 1990 1992],3,96.79595966666723,177.3878790000017,32.170706999999915,33.400000000001455,128.96666666666715,207.09999999999854,[177.387879  57.        56.      ],[29.712121 33.4      33.4     ],[207.1  90.4  89.4]
31135,[1941 1990 1992],3,96.79595966666723,177.3878790000017,32.170706999999915,33.400000000001455,128.96666666666715,207.09999999999854,[177.387879  57.        56.      ],[29.712121 33.4      33.4     ],[207.1  90.4  89.4]
31136,[1941 1990 1992],3,96.79595966666723,177.3878790000017,32.170706999999915,33.400000000001455,128.96666666666715,207.09999999999854,[177.387879  57.        56.      ],[29.712121 33.4      33.4     ],[207.1  90.4  89.4]
31137,[1941 1990 1992],3,96.79595966666723,177.3878790000017,32.170706999999915,33.400000000001455,128.96666666666715,207.09999999999854,[177.387879  57.        56.      ],[29.712121 33.4      33.4     ],[207.1  90.4  89.4]
31138,[1941 1990 1992],3,96.79595966666723,177.3878790000017,32.170706999999915,33.400000000001455,128.96666666666715,207.09999999999854,[177.387879  57.        56.      ],[29.712121 33.4      33.4     ],[207.1  90.4  89.4]
31139,[1941 1990 1992],3,96.79595966666723,177.3878790000017,32.170706999999915,33.400000000001455,128.96666666666715,207.09999999999854,[177.387879  57.        56.      ],[29.712121 33.4      33.4     ],[207.1  90.4  89.4]
31140,[1941 1990 1992 1999],4,100.19393950000085,177.3878790000017,31.55606049999915,33.400000000001455,131.75,207.09999999999854,[177.387879  57.        56.       110.387879],[29.712121 33.4      33.4      29.712121],[207.1  90.4  89.4 140.1]
31141,[1941 1990 1992 1999],4,100.19393950000085,177.3878790000017,31.55606049999915,33.400000000001455,131.75,207.09999999999854,[177.387879  57.        56.       110.387879],[29.712121 33.4      33.4      29.712121],[207.1  90.4  89.4 140.1]
31142,[1941 1990 1992 1999],4,100.19393950000085,177.3878790000017,31.55606049999915,33.400000000001455,131.75,207.09999999999854,[177.387879  57.        56.       110.387879],[29.712121 33.4      33.4      29.712121],[207.1  90.4  89.4 140.1]
31143,[1941 1990 1992 1999],4,100.19393950000085,177.3878790000017,31.55606049999915,33.400000000001455,131.75,207.09999999999854,[177.387879  57.        56.       110.387879],[29.712121 33.4      33.4      29.712121],[207.1  90.4  89.4 140.1]
31144,[1941 1990 1992 1999],4,100.19393950000085,177.3878790000017,31.55606049999915,33.400000000001455,131.75,207.09999999999854,[177.387879  57.        56.       110.387879],[29.712121 33.4      33.4      29.712121],[207.1  90.4  89.4 140.1]
31145,[1941 1990 1992 1999],4,100.19393950000085,177.3878790000017,31.55606049999915,33.400000000001455,131.75,207.09999999999854,[177.387879  57.        56.       110.387879],[29.712121 33.4      33.4      29.712121],[207.1  90.4  89.4 140.1]
31146,[1941 1990 1992 1999],4,100.19393950000085,177.3878790000017,31.55606049999915,33.400000000001455,131.75,207.09999999999854,[177.387879  57.        56.       110.387879],[29.712121 33.4      33.4      29.712121],[207.1  90.4  89.4 140.1]
31147,[1941 1990 1992 1999],4,100.19393950000085,177.3878790000017,31.55606049999915,33.400000000001455,131.75,207.09999999999854,[177.387879  57.        56.       110.387879],[29.712121 33.4      33.4      29.712121],[207.1  90.4  89.4 140.1]
31148,[1941 1990 1992 1999],4,100.19393950000085,177.3878790000017,31.55606049999915,33.400000000001455,131.75,207.09999999999854,[177.387879  57.        56.       110.387879],[29.712121 33.4      33.4      29.712121],[207.1  90.4  89.4 140.1]
31149,[1941 1990 1992 1999],4,100.19393950000085,177.3878790000017,31.55606049999915,33.400000000001455,131.75,207.09999999999854,[177.387879  57.        56.       110.387879],[29.712121 33.4      33.4      29.712121],[207.1  90.4  89.4 140.1]
31150,[1941 1990 1992 1999],4,100.19393950000085,177.3878790000017,31.55606049999915,33.400000000001455,131.75,207.09999999999854,[177.387879  57.        56.       110.387879],[29.712121 33.4      33.4      29.712121],[207.1  90.4  89.4 140.1]
31151,[1941 1990 1992 1999],4,100.19393950000085,177.3878790000017,31.55606049999915,33.400000000001455,131.75,207.09999999999854,[177.387879  57.        56.       110.387879],[29.712121 33.4      33.4      29.712121],[207.1  90.4  89.4 140.1]
31152,[1941 1990 1992 1999],4,100.19393950000085,177.3878790000017,31.55606049999915,33.400000000001455,131.75,207.09999999999854,[177.387879  57.        56.       110.387879],[29.712121 33.4      33.4      29.712121],[207.1  90.4  89.4 140.1]
31153,[1941 1990 1992 1999],4,100.19393950000085,177.3878790000017,31.55606049999915,33.400000000001455,131.75,207.09999999999854,[177.387879  57.        56.       110.387879],[29.712121 33.4      33.4      29.712121],[207.1  90.4  89.4 140.1]
31154,[1941 1990 1992 1999],4,100.19393950000085,177.3878790000017,31.55606049999915,33.400000000001455,131.75,207.09999999999854,[177.387879  57.        56.       110.387879],[29.712121 33.4      33.4      29.712121],[207.1  90.4  89.4 140.1]
31155,[1941 1990 1992 1999],4,100.19393950000085,177.3878790000017,31.55606049999915,33.400000000001455,131.75,207.09999999999854,[177.387879  57.        56.       110.387879],[29.712121 33.4      33.4      29.712121],[207.1  90.4  89.4 140.1]
31156,[1941 1990 1992 1999],4,100.19393950000085,177.3878790000017,31.55606049999915,33.400000000001455,131.75,207.09999999999854,[177.387879  57.        56.       110.387879],[29.712121 33.4      33.4      29.712121],[207.1  90.4  89.4 140.1]
31157,[1941 1990 1992 1999],4,100.19393950000085,177.3878790000017,31.55606049999915,33.400000000001455,131.75,207.09999999999854,[177.387879  57.        56.       110.387879],[29.712121 33.4      33.4      29.712121],[207.1  90.4  89.4 140.1]
31158,[1941 1990 1992 1999],4,100.19393950000085,177.3878790000017,31.55606049999915,33.400000000001455,131.75,207.09999999999854,[177.387879  57.        56.       110.387879],[29.712121 33.4      33.4      29.712121],[207.1  90.4  89.4 140.1]
31159,[1941 1990 1992 1999],4,100.19393950000085,177.3878790000017,31.55606049999915,33.400000000001455,131.75,207.09999999999854,[177.387879  57.        56.       110.387879],[29.712121 33.4      33.4      29.712121],[207.1  90.4  89.4 140.1]
31160,[1941 1990 1992 1999],4,100.19393950000085,177.3878790000017,31.55606049999915,33.400000000001455,131.75,207.09999999999854,[177.387879  57.        56.       110.387879],[29.712121 33.4      33.4      29.712121],[207.1  90.4  89.4 140.1]
31161,[1941 1990 1992 1999],4,100.19393950000085,177.3878790000017,31.55606049999915,33.400000000001455,131.75,207.09999999999854,[177.387879  57.        56.       110.387879],[29.712121 33.4      33.4      29.712121],[207.1  90.4  89.4 140.1]
31162,[1941 1990 1992 1999],4,100.19393950000085,177.3878790000017,31.55606049999915,33.400000000001455,131.75,207.09999999999854,[177.387879  57.        56.       110.387879],[29.712121 33.4      33.4      29.712121],[207.1  90.4  89.4 140.1]
31163,[1941 1990 1992 1999],4,100.19393950000085,177.3878790000017,31.55606049999915,33.400000000001455,131.75,207.09999999999854,[177.387879  57.        56.       110.387879],[29.712121 33.4      33.4      29.712121],[207.1  90.4  89.4 140.1]
31164,[1941 1990 1992 1999],4,100.19393950000085,177.3878790000017,31.55606049999915,33.400000000001455,131.75,207.09999999999854,[177.387879  57.        56.       110.387879],[29.712121 33.4      33.4      29.712121],[207.1  90.4  89.4 140.1]
31165,[1941 1990 1992 1999],4,100.19393950000085,177.3878790000017,31.55606049999915,33.400000000001455,131.75,207.09999999999854,[177.387879  57.        56.       110.387879],[29.712121 33.4      33.4      29.712121],[207.1  90.4  89.4 140.1]
31166,[1941 1990 1992 1999],4,100.19393950000085,177.3878790000017,31.55606049999915,33.400000000001455,131.75,207.09999999999854,[177.387879  57.        56.       110.387879],[29.712121 33.4      33.4      29.712121],[207.1  90.4  89.4 140.1]
31167,[1941 1990 1992 1999],4,100.19393950000085,177.3878790000017,31.55606049999915,33.400000000001455,131.75,207.09999999999854,[177.387879  57.        56.       110.387879],[29.712121 33.4      33.4      29.712121],[207.1  90.4  89.4 140.1]
31168,[1941 1990 1992 1999],4,100.19393950000085,177.3878790000017,31.55606049999915,33.400000000001455,131.75,207.09999999999854,[177.387879  57.        56.       110.387879],[29.712121 33.4      33.4      29.712121],[207.1  90.4  89.4 140.1]
31169,[1941 1990 1992 1999],4,100.19393950000085,177.3878790000017,31.55606049999915,33.400000000001455,131.75,207.09999999999854,[177.387879  57.        56.       110.387879],[29.712121 33.4      33.4      29.712121],[207.1  90.4  89.4 140.1]
31170,[1941 1990 1992 1999],4,100.19393950000085,177.3878790000017,31.55606049999915,33.400000000001455,131.75,207.09999999999854,[177.387879  57.        56.       110.387879],[29.712121 33.4      33.4      29.712121],[207.1  90.4  89.4 140.1]
31171,[1941 1990 1992 1999],4,100.19393950000085,177.3878790000017,31.55606049999915,33.400000000001455,131.75,207.09999999999854,[177.387879  57.        56.       110.387879],[29.712121 33.4      33.4      29.712121],[207.1  90.4  89.4 140.1]
31172,[1941 1990 1992 1999],4,100.19393950000085,177.3878790000017,31.55606049999915,33.400000000001455,131.75,207.09999999999854,[177.387879  57.        56.       110.387879],[29.712121 33.4      33.4      29.712121],[207.1  90.4  89.4 140.1]
31173,[1941 1990 1992 1999],4,100.19393950000085,177.3878790000017,31.55606049999915,33.400000000001455,131.75,207.09999999999854,[177.387879  57.        56.       110.387879],[29.712121 33.4      33.4      29.712121],[207.1  90.4  89.4 140.1]
31174,[1941 1990 1992 1999],4,100.19393950000085,177.3878790000017,31.55606049999915,33.400000000001455,131.75,207.09999999999854,[177.387879  57.        56.       110.387879],[29.712121 33.4      33.4      29.712121],[207.1  90.4  89.4 140.1]
31175,[1941 1990 1992 1999],4,100.19393950000085,177.3878790000017,31.55606049999915,33.400000000001455,131.75,207.09999999999854,[177.387879  57.        56.       110.387879],[29.712121 33.4      33.4      29.712121],[207.1  90.4  89.4 140.1]
31176,[1941 1990 1992 1999],4,100.19393950000085,177.3878790000017,31.55606049999915,33.400000000001455,131.75,207.09999999999854,[177.387879  57.        56.       110.387879],[29.712121 33.4      33.4      29.712121],[207.1  90.4  89.4 140.1]
31177,[1941 1990 1992 1999],4,100.19393950000085,177.3878790000017,31.55606049999915,33.400000000001455,131.75,207.09999999999854,[177.387879  57.        56.       110.387879],[29.712121 33.4      33.4      29.712121],[207.1  90.4  89.4 140.1]
31178,[1941 1990 1992 1999],4,100.19393950000085,177.3878790000017,31.55606049999915,33.400000000001455,131.75,207.09999999999854,[177.387879  57.        56.       110.387879],[29.712121 33.4      33.4      29.712121],[207.1  90.4  89.4 140.1]
31179,[1941 1990 1992 1999],4,100.19393950000085,177.3878790000017,31.55606049999915,33.400000000001455,131.75,207.09999999999854,[177.387879  57.        56.       110.387879],[29.712121 33.4      33.4      29.712121],[207.1  90.4  89.4 140.1]
31180,[1941 1990 1992 1999],4,100.19393950000085,177.3878790000017,31.55606049999915,33.400000000001455,131.75,207.09999999999854,[177.387879  57.        56.       110.387879],[29.712121 33.4      33.4      29.712121],[207.1  90.4  89.4 140.1]
31181,[1941 1990 1992 1999],4,100.19393950000085,177.3878790000017,31.55606049999915,33.400000000001455,131.75,207.09999999999854,[177.387879  57.        56.       110.387879],[29.712121 33.4      33.4      29.712121],[207.1  90.4  89.4 140.1]
31182,[1941 1990 1992 1999],4,100.19393950000085,177.3878790000017,31.55606049999915,33.400000000001455,131.75,207.09999999999854,[177.387879  57.        56.       110.387879],[29.712121 33.4      33.4      29.712121],[207.1  90.4  89.4 140.1]
31183,[1941 1990 1992 1999],4,100.19393950000085,177.3878790000017,31.55606049999915,33.400000000001455,131.75,207.09999999999854,[177.387879  57.        56.       110.387879],[29.712121 33.4      33.4      29.712121],[207.1  90.4  89.4 140.1]
31184,[1941 1990 1992 1999],4,100.19393950000085,177.3878790000017,31.55606049999915,33.400000000001455,131.75,207.09999999999854,[177.387879  57.        56.       110.387879],[29.712121 33.4      33.4      29.712121],[207.1  90.4  89.4 140.1]
31185,[1941 1990 1992 1999 2048],5,99.03272740000102,177.3878790000017,35.56727259999898,51.6121209999983,134.6,207.09999999999854,[177.387879  57.        56.       110.387879  94.387879],[29.712121 33.4      33.4      29.712121 51.612121],[207.1  90.4  89.4 140.1 146. ]
31186,[1941 1990 1992 1999 2048],5,99.03272740000102,177.3878790000017,35.56727259999898,51.6121209999983,134.6,207.09999999999854,[177.387879  57.        56.       110.387879  94.387879],[29.712121 33.4      33.4      29.712121 51.612121],[207.1  90.4  89.4 140.1 146. ]
31187,[1941 1990 1992 1999 2048],5,99.03272740000102,177.3878790000017,35.56727259999898,51.6121209999983,134.6,207.09999999999854,[177.387879  57.        56.       110.387879  94.387879],[29.712121 33.4      33.4      29.712121 51.612121],[207.1  90.4  89.4 140.1 146. ]
31188,[1941 1990 1992 1999 2048],5,99.03272740000102,177.3878790000017,35.56727259999898,51.6121209999983,134.6,207.09999999999854,[177.387879  57.        56.       110.387879  94.387879],[29.712121 33.4      33.4      29.712121 51.612121],[207.1  90.4  89.4 140.1 146. ]
31189,[1941 1990 1992 1999 2048],5,99.03272740000102,177.3878790000017,35.56727259999898,51.6121209999983,134.6,207.09999999999854,[177.387879  57.        56.       110.387879  94.387879],[29.712121 33.4      33.4      29.712121 51.612121],[207.1  90.4  89.4 140.1 146. ]
31190,[1941 1999 2048 2051],4,101.6159092500011,177.3878790000017,48.15909074999854,81.60000000000218,149.77499999999964,207.09999999999854,[177.387879 110.387879  94.387879  24.3     ],[29.712121 29.712121 51.612121 81.6     ],[207.1 140.1 146.  105.9]
31191,[1941 1999 2048 2051],4,101.6159092500011,177.3878790000017,48.15909074999854,81.60000000000218,149.77499999999964,207.09999999999854,[177.387879 110.387879  94.387879  24.3     ],[29.712121 29.712121 51.612121 81.6     ],[207.1 140.1 146.  105.9]
31192,[1941 1999 2048 2051],4,101.6159092500011,177.3878790000017,48.15909074999854,81.60000000000218,149.77499999999964,207.09999999999854,[177.387879 110.387879  94.387879  24.3     ],[29.712121 29.712121 51.612121 81.6     ],[207.1 140.1 146.  105.9]
31193,[1941 1999 2048 2051],4,101.6159092500011,177.3878790000017,48.15909074999854,81.60000000000218,149.77499999999964,207.09999999999854,[177.387879 110.387879  94.387879  24.3     ],[29.712121 29.712121 51.612121 81.6     ],[207.1 140.1 146.  105.9]
31194,[1941 1999 2048 2051 2054],5,85.35272740000073,177.3878790000017,44.407272599999125,81.60000000000218,129.75999999999985,207.09999999999854,[177.387879 110.387879  94.387879  24.3       20.3     ],[29.712121 29.712121 51.612121 81.6      29.4     ],[207.1 140.1 146.  105.9  49.7]
31195,[1941 1999 2048 2051 2054],5,85.35272740000073,177.3878790000017,44.407272599999125,81.60000000000218,129.75999999999985,207.09999999999854,[177.387879 110.387879  94.387879  24.3       20.3     ],[29.712121 29.712121 51.612121 81.6      29.4     ],[207.1 140.1 146.  105.9  49.7]
31196,[1941 1999 2048 2051 2054],5,85.35272740000073,177.3878790000017,44.407272599999125,81.60000000000218,129.75999999999985,207.09999999999854,[177.387879 110.387879  94.387879  24.3       20.3     ],[29.712121 29.712121 51.612121 81.6      29.4     ],[207.1 140.1 146.  105.9  49.7]
31197,[1941 1999 2048 2051 2054],5,85.35272740000073,177.3878790000017,44.407272599999125,81.60000000000218,129.75999999999985,207.09999999999854,[177.387879 110.387879  94.387879  24.3       20.3     ],[29.712121 29.712121 51.612121 81.6      29.4     ],[207.1 140.1 146.  105.9  49.7]
31198,[1941 1999 2048 2051 2054],5,85.35272740000073,177.3878790000017,44.407272599999125,81.60000000000218,129.75999999999985,207.09999999999854,[177.387879 110.387879  94.387879  24.3       20.3     ],[29.712121 29.712121 51.612121 81.6      29.4     ],[207.1 140.1 146.  105.9  49.7]
31199,[1941 1999 2048 2051 2054],5,85.35272740000073,177.3878790000017,44.407272599999125,81.60000000000218,129.75999999999985,207.09999999999854,[177.387879 110.387879  94.387879  24.3       20.3     ],[29.712121 29.712121 51.612121 81.6      29.4     ],[207.1 140.1 146.  105.9  49.7]
31200,[1941 1999 2048 2051 2054],5,85.35272740000073,177.3878790000017,44.407272599999125,81.60000000000218,129.75999999999985,207.09999999999854,[177.387879 110.387879  94.387879  24.3       20.3     ],[29.712121 29.712121 51.612121 81.6      29.4     ],[207.1 140.1 146.  105.9  49.7]
31201,[1941 1999 2048 2051 2054],5,85.35272740000073,177.3878790000017,44.407272599999125,81.60000000000218,129.75999999999985,207.09999999999854,[177.387879 110.387879  94.387879  24.3       20.3     ],[29.712121 29.712121 51.612121 81.6      29.4     ],[207.1 140.1 146.  105.9  49.7]
31202,[1941 1999 2048 2051 2054],5,85.35272740000073,177.3878790000017,44.407272599999125,81.60000000000218,129.75999999999985,207.09999999999854,[177.387879 110.387879  94.387879  24.3       20.3     ],[29.712121 29.712121 51.612121 81.6      29.4     ],[207.1 140.1 146.  105.9  49.7]
31203,[1941 1999 2048 2051 2054],5,85.35272740000073,177.3878790000017,44.407272599999125,81.60000000000218,129.75999999999985,207.09999999999854,[177.387879 110.387879  94.387879  24.3       20.3     ],[29.712121 29.712121 51.612121 81.6      29.4     ],[207.1 140.1 146.  105.9  49.7]
31204,[1941 1999 2048 2051 2054],5,85.35272740000073,177.3878790000017,44.407272599999125,81.60000000000218,129.75999999999985,207.09999999999854,[177.387879 110.387879  94.387879  24.3       20.3     ],[29.712121 29.712121 51.612121 81.6      29.4     ],[207.1 140.1 146.  105.9  49.7]
31205,[1941 1999 2048 2051 2054],5,85.35272740000073,177.3878790000017,44.407272599999125,81.60000000000218,129.75999999999985,207.09999999999854,[177.387879 110.387879  94.387879  24.3       20.3     ],[29.712121 29.712121 51.612121 81.6      29.4     ],[207.1 140.1 146.  105.9  49.7]
31206,[1941 1999 2048 2051 2054],5,85.35272740000073,177.3878790000017,44.407272599999125,81.60000000000218,129.75999999999985,207.09999999999854,[177.387879 110.387879  94.387879  24.3       20.3     ],[29.712121 29.712121 51.612121 81.6      29.4     ],[207.1 140.1 146.  105.9  49.7]
31207,[1941 1999 2048 2051 2054],5,85.35272740000073,177.3878790000017,44.407272599999125,81.60000000000218,129.75999999999985,207.09999999999854,[177.387879 110.387879  94.387879  24.3       20.3     ],[29.712121 29.712121 51.612121 81.6      29.4     ],[207.1 140.1 146.  105.9  49.7]
31208,[1941 1999 2048 2051 2054 2067],6,72.17727283333382,177.3878790000017,41.90606049999951,81.60000000000218,114.08333333333333,207.09999999999854,[177.387879 110.387879  94.387879  24.3       20.3        6.3     ],[29.712121 29.712121 51.612121 81.6      29.4      29.4     ],[207.1 140.1 146.  105.9  49.7  35.7]
31209,[1941 1999 2048 2051 2054 2067],6,72.17727283333382,177.3878790000017,41.90606049999951,81.60000000000218,114.08333333333333,207.09999999999854,[177.387879 110.387879  94.387879  24.3       20.3        6.3     ],[29.712121 29.712121 51.612121 81.6      29.4      29.4     ],[207.1 140.1 146.  105.9  49.7  35.7]
31210,[1941 1999 2048 2051 2054 2067],6,72.17727283333382,177.3878790000017,41.90606049999951,81.60000000000218,114.08333333333333,207.09999999999854,[177.387879 110.387879  94.387879  24.3       20.3        6.3     ],[29.712121 29.712121 51.612121 81.6      29.4      29.4     ],[207.1 140.1 146.  105.9  49.7  35.7]
31211,[1941 1999 2048 2051 2054 2067],6,72.17727283333382,177.3878790000017,41.90606049999951,81.60000000000218,114.08333333333333,207.09999999999854,[177.387879 110.387879  94.387879  24.3       20.3        6.3     ],[29.712121 29.712121 51.612121 81.6      29.4      29.4     ],[207.1 140.1 146.  105.9  49.7  35.7]
31212,[1941 1999 2048 2051 2054 2067],6,72.17727283333382,177.3878790000017,41.90606049999951,81.60000000000218,114.08333333333333,207.09999999999854,[177.387879 110.387879  94.387879  24.3       20.3        6.3     ],[29.712121 29.712121 51.612121 81.6      29.4      29.4     ],[207.1 140.1 146.  105.9  49.7  35.7]
31213,[1941 1999 2048 2051 2054 2067],6,72.17727283333382,177.3878790000017,41.90606049999951,81.60000000000218,114.08333333333333,207.09999999999854,[177.387879 110.387879  94.387879  24.3       20.3        6.3     ],[29.712121 29.712121 51.612121 81.6      29.4      29.4     ],[207.1 140.1 146.  105.9  49.7  35.7]
31214,[1941 1999 2048 2051 2054 2067],6,72.17727283333382,177.3878790000017,41.90606049999951,81.60000000000218,114.08333333333333,207.09999999999854,[177.387879 110.387879  94.387879  24.3       20.3        6.3     ],[29.712121 29.712121 51.612121 81.6      29.4      29.4     ],[207.1 140.1 146.  105.9  49.7  35.7]
31215,[1941 1999 2048],3,127.3878790000017,177.3878790000017,37.01212099999733,51.6121209999983,164.39999999999904,207.09999999999854,[177.387879 110.387879  94.387879],[29.712121 29.712121 51.612121],[207.1 140.1 146. ]
31216,[1941 1999 2048],3,127.3878790000017,177.3878790000017,37.01212099999733,51.6121209999983,164.39999999999904,207.09999999999854,[177.387879 110.387879  94.387879],[29.712121 29.712121 51.612121],[207.1 140.1 146. ]
31217,[1941 1999 2048],3,127.3878790000017,177.3878790000017,37.01212099999733,51.6121209999983,164.39999999999904,207.09999999999854,[177.387879 110.387879  94.387879],[29.712121 29.712121 51.612121],[207.1 140.1 146. ]
31218,[1941 1999 2048],3,127.3878790000017,177.3878790000017,37.01212099999733,51.6121209999983,164.39999999999904,207.09999999999854,[177.387879 110.387879  94.387879],[29.712121 29.712121 51.612121],[207.1 140.1 146. ]
31219,[1941 1999 2048],3,127.3878790000017,177.3878790000017,37.01212099999733,51.6121209999983,164.39999999999904,207.09999999999854,[177.387879 110.387879  94.387879],[29.712121 29.712121 51.612121],[207.1 140.1 146. ]
31220,[1941 1999 2048],3,127.3878790000017,177.3878790000017,37.01212099999733,51.6121209999983,164.39999999999904,207.09999999999854,[177.387879 110.387879  94.387879],[29.712121 29.712121 51.612121],[207.1 140.1 146. ]
31221,[1941 1999 2048],3,127.3878790000017,177.3878790000017,37.01212099999733,51.6121209999983,164.39999999999904,207.09999999999854,[177.387879 110.387879  94.387879],[29.712121 29.712121 51.612121],[207.1 140.1 146. ]
31222,[1941 1999 2048],3,127.3878790000017,177.3878790000017,37.01212099999733,51.6121209999983,164.39999999999904,207.09999999999854,[177.387879 110.387879  94.387879],[29.712121 29.712121 51.612121],[207.1 140.1 146. ]
31223,[1941 1999 2048],3,127.3878790000017,177.3878790000017,37.01212099999733,51.6121209999983,164.39999999999904,207.09999999999854,[177.387879 110.387879  94.387879],[29.712121 29.712121 51.612121],[207.1 140.1 146. ]
31224,[1941 1999 2048],3,127.3878790000017,177.3878790000017,37.01212099999733,51.6121209999983,164.39999999999904,207.09999999999854,[177.387879 110.387879  94.387879],[29.712121 29.712121 51.612121],[207.1 140.1 146. ]
31225,[1941 1999 2048],3,127.3878790000017,177.3878790000017,37.01212099999733,51.6121209999983,164.39999999999904,207.09999999999854,[177.387879 110.387879  94.387879],[29.712121 29.712121 51.612121],[207.1 140.1 146. ]
31226,[1941 1999 2048],3,127.3878790000017,177.3878790000017,37.01212099999733,51.6121209999983,164.39999999999904,207.09999999999854,[177.387879 110.387879  94.387879],[29.712121 29.712121 51.612121],[207.1 140.1 146. ]
31227,[1941 1999 2048],3,127.3878790000017,177.3878790000017,37.01212099999733,51.6121209999983,164.39999999999904,207.09999999999854,[177.387879 110.387879  94.387879],[29.712121 29.712121 51.612121],[207.1 140.1 146. ]
31228,[1941 1999 2048],3,127.3878790000017,177.3878790000017,37.01212099999733,51.6121209999983,164.39999999999904,207.09999999999854,[177.387879 110.387879  94.387879],[29.712121 29.712121 51.612121],[207.1 140.1 146. ]
31229,[1941 1999 2048],3,127.3878790000017,177.3878790000017,37.01212099999733,51.6121209999983,164.39999999999904,207.09999999999854,[177.387879 110.387879  94.387879],[29.712121 29.712121 51.612121],[207.1 140.1 146. ]
31230,[1941 1999 2048],3,127.3878790000017,177.3878790000017,37.01212099999733,51.6121209999983,164.39999999999904,207.09999999999854,[177.387879 110.387879  94.387879],[29.712121 29.712121 51.612121],[207.1 140.1 146. ]
31231,[1941 1999 2048],3,127.3878790000017,177.3878790000017,37.01212099999733,51.6121209999983,164.39999999999904,207.09999999999854,[177.387879 110.387879  94.387879],[29.712121 29.712121 51.612121],[207.1 140.1 146. ]
31232,[1941 1999 2048],3,127.3878790000017,177.3878790000017,37.01212099999733,51.6121209999983,164.39999999999904,207.09999999999854,[177.387879 110.387879  94.387879],[29.712121 29.712121 51.612121],[207.1 140.1 146. ]
31233,[1941 1999 2048],3,127.3878790000017,177.3878790000017,37.01212099999733,51.6121209999983,164.39999999999904,207.09999999999854,[177.387879 110.387879  94.387879],[29.712121 29.712121 51.612121],[207.1 140.1 146. ]
31234,[1941 1999 2048],3,127.3878790000017,177.3878790000017,37.01212099999733,51.6121209999983,164.39999999999904,207.09999999999854,[177.387879 110.387879  94.387879],[29.712121 29.712121 51.612121],[207.1 140.1 146. ]
31235,[1941 1999 2048],3,127.3878790000017,177.3878790000017,37.01212099999733,51.6121209999983,164.39999999999904,207.09999999999854,[177.387879 110.387879  94.387879],[29.712121 29.712121 51.612121],[207.1 140.1 146. ]
31236,[1941 1999 2048],3,127.3878790000017,177.3878790000017,37.01212099999733,51.6121209999983,164.39999999999904,207.09999999999854,[177.387879 110.387879  94.387879],[29.712121 29.712121 51.612121],[207.1 140.1 146. ]
31237,[1941 1999 2048],3,127.3878790000017,177.3878790000017,37.01212099999733,51.6121209999983,164.39999999999904,207.09999999999854,[177.387879 110.387879  94.387879],[29.712121 29.712121 51.612121],[207.1 140.1 146. ]
31238,[1941 1999 2048],3,127.3878790000017,177.3878790000017,37.01212099999733,51.6121209999983,164.39999999999904,207.09999999999854,[177.387879 110.387879  94.387879],[29.712121 29.712121 51.612121],[207.1 140.1 146. ]
31239,[1941 1999 2048],3,127.3878790000017,177.3878790000017,37.01212099999733,51.6121209999983,164.39999999999904,207.09999999999854,[177.387879 110.387879  94.387879],[29.712121 29.712121 51.612121],[207.1 140.1 146. ]
31240,[1941 1999 2048],3,127.3878790000017,177.3878790000017,37.01212099999733,51.6121209999983,164.39999999999904,207.09999999999854,[177.387879 110.387879  94.387879],[29.712121 29.712121 51.612121],[207.1 140.1 146. ]
31241,[1941 1999 2048],3,127.3878790000017,177.3878790000017,37.01212099999733,51.6121209999983,164.39999999999904,207.09999999999854,[177.387879 110.387879  94.387879],[29.712121 29.712121 51.612121],[207.1 140.1 146. ]
31242,[1941 1999 2048],3,127.3878790000017,177.3878790000017,37.01212099999733,51.6121209999983,164.39999999999904,207.09999999999854,[177.387879 110.387879  94.387879],[29.712121 29.712121 51.612121],[207.1 140.1 146. ]
31243,[1941 1999 2048],3,127.3878790000017,177.3878790000017,37.01212099999733,51.6121209999983,164.39999999999904,207.09999999999854,[177.387879 110.387879  94.387879],[29.712121 29.712121 51.612121],[207.1 140.1 146. ]
31244,[1941 1999 2048],3,127.3878790000017,177.3878790000017,37.01212099999733,51.6121209999983,164.39999999999904,207.09999999999854,[177.387879 110.387879  94.387879],[29.712121 29.712121 51.612121],[207.1 140.1 146. ]
31245,[1941 1999 2048],3,127.3878790000017,177.3878790000017,37.01212099999733,51.6121209999983,164.39999999999904,207.09999999999854,[177.387879 110.387879  94.387879],[29.712121 29.712121 51.612121],[207.1 140.1 146. ]
31246,[1941 1999 2048],3,127.3878790000017,177.3878790000017,37.01212099999733,51.6121209999983,164.39999999999904,207.09999999999854,[177.387879 110.387879  94.387879],[29.712121 29.712121 51.612121],[207.1 140.1 146. ]
31247,[1941 1999 2048],3,127.3878790000017,177.3878790000017,37.01212099999733,51.6121209999983,164.39999999999904,207.09999999999854,[177.387879 110.387879  94.387879],[29.712121 29.712121 51.612121],[207.1 140.1 146. ]
31248,[1941 1999 2048],3,127.3878790000017,177.3878790000017,37.01212099999733,51.6121209999983,164.39999999999904,207.09999999999854,[177.387879 110.387879  94.387879],[29.712121 29.712121 51.612121],[207.1 140.1 146. ]
31249,[1941 1999 2048],3,127.3878790000017,177.3878790000017,37.01212099999733,51.6121209999983,164.39999999999904,207.09999999999854,[177.387879 110.387879  94.387879],[29.712121 29.712121 51.612121],[207.1 140.1 146. ]
31250,[1941 1999 2048],3,127.3878790000017,177.3878790000017,37.01212099999733,51.6121209999983,164.39999999999904,207.09999999999854,[177.387879 110.387879  94.387879],[29.712121 29.712121 51.612121],[207.1 140.1 146. ]
31251,[2048],1,94.3878790000017,94.3878790000017,51.6121209999983,51.6121209999983,146.0,146.0,[94.387879],[51.612121],[146.]
31252,[2048],1,94.3878790000017,94.3878790000017,51.6121209999983,51.6121209999983,146.0,146.0,[94.387879],[51.612121],[146.]
31253,[2048],1,94.3878790000017,94.3878790000017,51.6121209999983,51.6121209999983,146.0,146.0,[94.387879],[51.612121],[146.]
31254,[2048],1,94.3878790000017,94.3878790000017,51.6121209999983,51.6121209999983,146.0,146.0,[94.387879],[51.612121],[146.]
31255,[2048],1,94.3878790000017,94.3878790000017,51.6121209999983,51.6121209999983,146.0,146.0,[94.387879],[51.612121],[146.]
31256,[2048],1,94.3878790000017,94.3878790000017,51.6121209999983,51.6121209999983,146.0,146.0,[94.387879],[51.612121],[146.]
31257,[2048],1,94.3878790000017,94.3878790000017,51.6121209999983,51.6121209999983,146.0,146.0,[94.387879],[51.612121],[146.]
31258,[2048],1,94.3878790000017,94.3878790000017,51.6121209999983,51.6121209999983,146.0,146.0,[94.387879],[51.612121],[146.]
31259,[2048],1,94.3878790000017,94.3878790000017,51.6121209999983,51.6121209999983,146.0,146.0,[94.387879],[51.612121],[146.]
31260,[2048],1,94.3878790000017,94.3878790000017,51.6121209999983,51.6121209999983,146.0,146.0,[94.387879],[51.612121],[146.]
31261,[2048],1,94.3878790000017,94.3878790000017,51.6121209999983,51.6121209999983,146.0,146.0,[94.387879],[51.612121],[146.]
31262,[2048],1,94.3878790000017,94.3878790000017,51.6121209999983,51.6121209999983,146.0,146.0,[94.387879],[51.612121],[146.]
31263,[2048 2119],2,112.28787900000134,130.18787900000098,39.38939349999782,51.6121209999983,151.67727249999916,157.35454499999832,[ 94.387879 130.187879],[51.612121 27.166666],[146.       157.354545]
31264,[2048 2119],2,112.28787900000134,130.18787900000098,39.38939349999782,51.6121209999983,151.67727249999916,157.35454499999832,[ 94.387879 130.187879],[51.612121 27.166666],[146.       157.354545]
31265,[2048 2119],2,112.28787900000134,130.18787900000098,39.38939349999782,51.6121209999983,151.67727249999916,157.35454499999832,[ 94.387879 130.187879],[51.612121 27.166666],[146.       157.354545]
31266,[2048 2119],2,112.28787900000134,130.18787900000098,39.38939349999782,51.6121209999983,151.67727249999916,157.35454499999832,[ 94.387879 130.187879],[51.612121 27.166666],[146.       157.354545]
31267,[2048 2119],2,112.28787900000134,130.18787900000098,39.38939349999782,51.6121209999983,151.67727249999916,157.35454499999832,[ 94.387879 130.187879],[51.612121 27.166666],[146.       157.354545]
31268,[2048 2119],2,112.28787900000134,130.18787900000098,39.38939349999782,51.6121209999983,151.67727249999916,157.35454499999832,[ 94.387879 130.187879],[51.612121 27.166666],[146.       157.354545]
31269,[2048 2119],2,112.28787900000134,130.18787900000098,39.38939349999782,51.6121209999983,151.67727249999916,157.35454499999832,[ 94.387879 130.187879],[51.612121 27.166666],[146.       157.354545]
31270,[2048 2119],2,112.28787900000134,130.18787900000098,39.38939349999782,51.6121209999983,151.67727249999916,157.35454499999832,[ 94.387879 130.187879],[51.612121 27.166666],[146.       157.354545]
31271,[2048 2119],2,112.28787900000134,130.18787900000098,39.38939349999782,51.6121209999983,151.67727249999916,157.35454499999832,[ 94.387879 130.187879],[51.612121 27.166666],[146.       157.354545]
31272,[2048 2119],2,112.28787900000134,130.18787900000098,39.38939349999782,51.6121209999983,151.67727249999916,157.35454499999832,[ 94.387879 130.187879],[51.612121 27.166666],[146.       157.354545]
31273,[2048 2119],2,112.28787900000134,130.18787900000098,39.38939349999782,51.6121209999983,151.67727249999916,157.35454499999832,[ 94.387879 130.187879],[51.612121 27.166666],[146.       157.354545]
31274,[2048 2119],2,112.28787900000134,130.18787900000098,39.38939349999782,51.6121209999983,151.67727249999916,157.35454499999832,[ 94.387879 130.187879],[51.612121 27.166666],[146.       157.354545]
31275,[2048 2119],2,112.28787900000134,130.18787900000098,39.38939349999782,51.6121209999983,151.67727249999916,157.35454499999832,[ 94.387879 130.187879],[51.612121 27.166666],[146.       157.354545]
31276,[2048 2119],2,112.28787900000134,130.18787900000098,39.38939349999782,51.6121209999983,151.67727249999916,157.35454499999832,[ 94.387879 130.187879],[51.612121 27.166666],[146.       157.354545]
31277,[2048 2119],2,112.28787900000134,130.18787900000098,39.38939349999782,51.6121209999983,151.67727249999916,157.35454499999832,[ 94.387879 130.187879],[51.612121 27.166666],[146.       157.354545]
31278,[2048 2119],2,112.28787900000134,130.18787900000098,39.38939349999782,51.6121209999983,151.67727249999916,157.35454499999832,[ 94.387879 130.187879],[51.612121 27.166666],[146.       157.354545]
31279,[2048 2119],2,112.28787900000134,130.18787900000098,39.38939349999782,51.6121209999983,151.67727249999916,157.35454499999832,[ 94.387879 130.187879],[51.612121 27.166666],[146.       157.354545]
31280,[2119],1,130.18787900000098,130.18787900000098,27.16666599999735,27.16666599999735,157.35454499999832,157.35454499999832,[130.187879],[27.166666],[157.354545]
31281,[2119],1,130.18787900000098,130.18787900000098,27.16666599999735,27.16666599999735,157.35454499999832,157.35454499999832,[130.187879],[27.166666],[157.354545]
31282,[2119],1,130.18787900000098,130.18787900000098,27.16666599999735,27.16666599999735,157.35454499999832,157.35454499999832,[130.187879],[27.166666],[157.354545]
31283,[2119],1,130.18787900000098,130.18787900000098,27.16666599999735,27.16666599999735,157.35454499999832,157.35454499999832,[130.187879],[27.166666],[157.354545]
31284,[2119],1,130.18787900000098,130.18787900000098,27.16666599999735,27.16666599999735,157.35454499999832,157.35454499999832,[130.187879],[27.166666],[157.354545]
31285,[2119],1,130.18787900000098,130.18787900000098,27.16666599999735,27.16666599999735,157.35454499999832,157.35454499999832,[130.187879],[27.166666],[157.354545]
31286,[2119],1,130.18787900000098,130.18787900000098,27.16666599999735,27.16666599999735,157.35454499999832,157.35454499999832,[130.187879],[27.166666],[157.354545]
31287,[2119],1,130.18787900000098,130.18787900000098,27.16666599999735,27.16666599999735,157.35454499999832,157.35454499999832,[130.187879],[27.166666],[157.354545]
31288,[2119],1,130.18787900000098,130.18787900000098,27.16666599999735,27.16666599999735,157.35454499999832,157.35454499999832,[130.187879],[27.166666],[157.354545]
31289,[2119],1,130.18787900000098,130.18787900000098,27.16666599999735,27.16666599999735,157.35454499999832,157.35454499999832,[130.187879],[27.166666],[157.354545]
31290,[2119],1,130.18787900000098,130.18787900000098,27.16666599999735,27.16666599999735,157.35454499999832,157.35454499999832,[130.187879],[27.166666],[157.354545]
31291,[2119],1,130.18787900000098,130.18787900000098,27.16666599999735,27.16666599999735,157.35454499999832,157.35454499999832,[130.187879],[27.166666],[157.354545]
31292,[2119],1,130.18787900000098,130.18787900000098,27.16666599999735,27.16666599999735,157.35454499999832,157.35454499999832,[130.187879],[27.166666],[157.354545]
31293,[2119],1,130.18787900000098,130.18787900000098,27.16666599999735,27.16666599999735,157.35454499999832,157.35454499999832,[130.187879],[27.166666],[157.354545]
31294,[2119],1,130.18787900000098,130.18787900000098,27.16666599999735,27.16666599999735,157.35454499999832,157.35454499999832,[130.187879],[27.166666],[157.354545]
31295,[2119],1,130.18787900000098,130.18787900000098,27.16666599999735,27.16666599999735,157.35454499999832,157.35454499999832,[130.187879],[27.166666],[157.354545]
31296,[2119],1,130.18787900000098,130.18787900000098,27.16666599999735,27.16666599999735,157.35454499999832,157.35454499999832,[130.187879],[27.166666],[157.354545]
31297,[2119],1,130.18787900000098,130.18787900000098,27.16666599999735,27.16666599999735,157.35454499999832,157.35454499999832,[130.187879],[27.166666],[157.354545]
31298,[2119],1,130.18787900000098,130.18787900000098,27.16666599999735,27.16666599999735,157.35454499999832,157.35454499999832,[130.187879],[27.166666],[157.354545]
31299,[2119],1,130.18787900000098,130.18787900000098,27.16666599999735,27.16666599999735,157.35454499999832,157.35454499999832,[130.187879],[27.166666],[157.354545]
31300,[2119],1,130.18787900000098,130.18787900000098,27.16666599999735,27.16666599999735,157.35454499999832,157.35454499999832,[130.187879],[27.166666],[157.354545]
31301,[2119],1,130.18787900000098,130.18787900000098,27.16666599999735,27.16666599999735,157.35454499999832,157.35454499999832,[130.187879],[27.166666],[157.354545]
31302,[2119],1,130.18787900000098,130.18787900000098,27.16666599999735,27.16666599999735,157.35454499999832,157.35454499999832,[130.187879],[27.166666],[157.354545]
31303,[2119],1,130.18787900000098,130.18787900000098,27.16666599999735,27.16666599999735,157.35454499999832,157.35454499999832,[130.187879],[27.166666],[157.354545]
31304,[2119],1,130.18787900000098,130.18787900000098,27.16666599999735,27.16666599999735,157.35454499999832,157.35454499999832,[130.187879],[27.166666],[157.354545]
31305,[2119],1,130.18787900000098,130.18787900000098,27.16666599999735,27.16666599999735,157.35454499999832,157.35454499999832,[130.187879],[27.166666],[157.354545]
31306,[2119],1,130.18787900000098,130.18787900000098,27.16666599999735,27.16666599999735,157.35454499999832,157.35454499999832,[130.187879],[27.166666],[157.354545]
31307,[2119],1,130.18787900000098,130.18787900000098,27.16666599999735,27.16666599999735,157.35454499999832,157.35454499999832,[130.187879],[27.166666],[157.354545]
31308,[2119],1,130.18787900000098,130.18787900000098,27.16666599999735,27.16666599999735,157.35454499999832,157.35454499999832,[130.187879],[27.166666],[157.354545]
31309,[2119],1,130.18787900000098,130.18787900000098,27.16666599999735,27.16666599999735,157.35454499999832,157.35454499999832,[130.187879],[27.166666],[157.354545]
31310,[2119],1,130.18787900000098,130.18787900000098,27.16666599999735,27.16666599999735,157.35454499999832,157.35454499999832,[130.187879],[27.166666],[157.354545]
31311,[2119],1,130.18787900000098,130.18787900000098,27.16666599999735,27.16666599999735,157.35454499999832,157.35454499999832,[130.187879],[27.166666],[157.354545]
31312,[2119],1,130.18787900000098,130.18787900000098,27.16666599999735,27.16666599999735,157.35454499999832,157.35454499999832,[130.187879],[27.166666],[157.354545]
31313,[2119],1,130.18787900000098,130.18787900000098,27.16666599999735,27.16666599999735,157.35454499999832,157.35454499999832,[130.187879],[27.166666],[157.354545]
31314,[2119],1,130.18787900000098,130.18787900000098,27.16666599999735,27.16666599999735,157.35454499999832,157.35454499999832,[130.187879],[27.166666],[157.354545]
31315,[2119],1,130.18787900000098,130.18787900000098,27.16666599999735,27.16666599999735,157.35454499999832,157.35454499999832,[130.187879],[27.166666],[157.354545]
31316,[2119],1,130.18787900000098,130.18787900000098,27.16666599999735,27.16666599999735,157.35454499999832,157.35454499999832,[130.187879],[27.166666],[157.354545]
31317,[2119],1,130.18787900000098,130.18787900000098,27.16666599999735,27.16666599999735,157.35454499999832,157.35454499999832,[130.187879],[27.166666],[157.354545]
31318,[2119],1,130.18787900000098,130.18787900000098,27.16666599999735,27.16666599999735,157.35454499999832,157.35454499999832,[130.187879],[27.166666],[157.354545]
31319,[2119],1,130.18787900000098,130.18787900000098,27.16666599999735,27.16666599999735,157.35454499999832,157.35454499999832,[130.187879],[27.166666],[157.354545]
31320,[2119],1,130.18787900000098,130.18787900000098,27.16666599999735,27.16666599999735,157.35454499999832,157.35454499999832,[130.187879],[27.166666],[157.354545]
31321,[2119],1,130.18787900000098,130.18787900000098,27.16666599999735,27.16666599999735,157.35454499999832,157.35454499999832,[130.187879],[27.166666],[157.354545]
31322,[2119],1,130.18787900000098,130.18787900000098,27.16666599999735,27.16666599999735,157.35454499999832,157.35454499999832,[130.187879],[27.166666],[157.354545]
31323,[2119],1,130.18787900000098,130.18787900000098,27.16666599999735,27.16666599999735,157.35454499999832,157.35454499999832,[130.187879],[27.166666],[157.354545]
31324,[2119],1,130.18787900000098,130.18787900000098,27.16666599999735,27.16666599999735,157.35454499999832,157.35454499999832,[130.187879],[27.166666],[157.354545]
31325,[2119],1,130.18787900000098,130.18787900000098,27.16666599999735,27.16666599999735,157.35454499999832,157.35454499999832,[130.187879],[27.166666],[157.354545]
31326,[2119],1,130.18787900000098,130.18787900000098,27.16666599999735,27.16666599999735,157.35454499999832,157.35454499999832,[130.187879],[27.166666],[157.354545]
31327,[2119],1,130.18787900000098,130.18787900000098,27.16666599999735,27.16666599999735,157.35454499999832,157.35454499999832,[130.187879],[27.166666],[157.354545]
31328,[2119],1,130.18787900000098,130.18787900000098,27.16666599999735,27.16666599999735,157.35454499999832,157.35454499999832,[130.187879],[27.166666],[157.354545]
31329,[2119],1,130.18787900000098,130.18787900000098,27.16666599999735,27.16666599999735,157.35454499999832,157.35454499999832,[130.187879],[27.166666],[157.354545]
31330,[2119],1,130.18787900000098,130.18787900000098,27.16666599999735,27.16666599999735,157.35454499999832,157.35454499999832,[130.187879],[27.166666],[157.354545]
31331,[2119],1,130.18787900000098,130.18787900000098,27.16666599999735,27.16666599999735,157.35454499999832,157.35454499999832,[130.187879],[27.166666],[157.354545]
31332,[2119],1,130.18787900000098,130.18787900000098,27.16666599999735,27.16666599999735,157.35454499999832,157.35454499999832,[130.187879],[27.166666],[157.354545]
31333,[2119],1,130.18787900000098,130.18787900000098,27.16666599999735,27.16666599999735,157.35454499999832,157.35454499999832,[130.187879],[27.166666],[157.354545]
31334,[2119],1,130.18787900000098,130.18787900000098,27.16666599999735,27.16666599999735,157.35454499999832,157.35454499999832,[130.187879],[27.166666],[157.354545]
31335,[2119],1,130.18787900000098,130.18787900000098,27.16666599999735,27.16666599999735,157.35454499999832,157.35454499999832,[130.187879],[27.166666],[157.354545]
31336,[2119],1,130.18787900000098,130.18787900000098,27.16666599999735,27.16666599999735,157.35454499999832,157.35454499999832,[130.187879],[27.166666],[157.354545]
31337,[2119],1,130.18787900000098,130.18787900000098,27.16666599999735,27.16666599999735,157.35454499999832,157.35454499999832,[130.187879],[27.166666],[157.354545]
31338,[2119],1,130.18787900000098,130.18787900000098,27.16666599999735,27.16666599999735,157.35454499999832,157.35454499999832,[130.187879],[27.166666],[157.354545]
31339,[2119],1,130.18787900000098,130.18787900000098,27.16666599999735,27.16666599999735,157.35454499999832,157.35454499999832,[130.187879],[27.166666],[157.354545]
31340,[2119],1,130.18787900000098,130.18787900000098,27.16666599999735,27.16666599999735,157.35454499999832,157.35454499999832,[130.187879],[27.166666],[157.354545]
31341,[2119],1,130.18787900000098,130.18787900000098,27.16666599999735,27.16666599999735,157.35454499999832,157.35454499999832,[130.187879],[27.166666],[157.354545]
31342,[2119],1,130.18787900000098,130.18787900000098,27.16666599999735,27.16666599999735,157.35454499999832,157.35454499999832,[130.187879],[27.166666],[157.354545]
31343,[2119],1,130.18787900000098,130.18787900000098,27.16666599999735,27.16666599999735,157.35454499999832,157.35454499999832,[130.187879],[27.166666],[157.354545]
31344,[2119 2170],2,68.14393949999976,130.18787900000098,28.43333299999904,29.700000000000728,96.5772724999988,157.35454499999832,[130.187879   6.1     ],[27.166666 29.7     ],[157.354545  35.8     ]
31345,[2119 2170],2,68.14393949999976,130.18787900000098,28.43333299999904,29.700000000000728,96.5772724999988,157.35454499999832,[130.187879   6.1     ],[27.166666 29.7     ],[157.354545  35.8     ]
31346,[2119 2170],2,68.14393949999976,130.18787900000098,28.43333299999904,29.700000000000728,96.5772724999988,157.35454499999832,[130.187879   6.1     ],[27.166666 29.7     ],[157.354545  35.8     ]
31347,[2119 2170],2,68.14393949999976,130.18787900000098,28.43333299999904,29.700000000000728,96.5772724999988,157.35454499999832,[130.187879   6.1     ],[27.166666 29.7     ],[157.354545  35.8     ]
31348,[2119 2170],2,68.14393949999976,130.18787900000098,28.43333299999904,29.700000000000728,96.5772724999988,157.35454499999832,[130.187879   6.1     ],[27.166666 29.7     ],[157.354545  35.8     ]
31349,[2119 2170],2,68.14393949999976,130.18787900000098,28.43333299999904,29.700000000000728,96.5772724999988,157.35454499999832,[130.187879   6.1     ],[27.166666 29.7     ],[157.354545  35.8     ]
31350,[2119 2170],2,68.14393949999976,130.18787900000098,28.43333299999904,29.700000000000728,96.5772724999988,157.35454499999832,[130.187879   6.1     ],[27.166666 29.7     ],[157.354545  35.8     ]
31351,[2119],1,130.18787900000098,130.18787900000098,27.16666599999735,27.16666599999735,157.35454499999832,157.35454499999832,[130.187879],[27.166666],[157.354545]
31352,[2119],1,130.18787900000098,130.18787900000098,27.16666599999735,27.16666599999735,157.35454499999832,157.35454499999832,[130.187879],[27.166666],[157.354545]
31353,[2119],1,130.18787900000098,130.18787900000098,27.16666599999735,27.16666599999735,157.35454499999832,157.35454499999832,[130.187879],[27.166666],[157.354545]
31354,[2119],1,130.18787900000098,130.18787900000098,27.16666599999735,27.16666599999735,157.35454499999832,157.35454499999832,[130.187879],[27.166666],[157.354545]
31355,[2119],1,130.18787900000098,130.18787900000098,27.16666599999735,27.16666599999735,157.35454499999832,157.35454499999832,[130.187879],[27.166666],[157.354545]
31356,[2119],1,130.18787900000098,130.18787900000098,27.16666599999735,27.16666599999735,157.35454499999832,157.35454499999832,[130.187879],[27.166666],[157.354545]
31357,[2119],1,130.18787900000098,130.18787900000098,27.16666599999735,27.16666599999735,157.35454499999832,157.35454499999832,[130.187879],[27.166666],[157.354545]
31358,[2119],1,130.18787900000098,130.18787900000098,27.16666599999735,27.16666599999735,157.35454499999832,157.35454499999832,[130.187879],[27.166666],[157.354545]
31359,[2119],1,130.18787900000098,130.18787900000098,27.16666599999735,27.16666599999735,157.35454499999832,157.35454499999832,[130.187879],[27.166666],[157.354545]
31360,[2119],1,130.18787900000098,130.18787900000098,27.16666599999735,27.16666599999735,157.35454499999832,157.35454499999832,[130.187879],[27.166666],[157.354545]
31361,[2119],1,130.18787900000098,130.18787900000098,27.16666599999735,27.16666599999735,157.35454499999832,157.35454499999832,[130.187879],[27.166666],[157.354545]
31362,[2119],1,130.18787900000098,130.18787900000098,27.16666599999735,27.16666599999735,157.35454499999832,157.35454499999832,[130.187879],[27.166666],[157.354545]
31363,[2119],1,130.18787900000098,130.18787900000098,27.16666599999735,27.16666599999735,157.35454499999832,157.35454499999832,[130.187879],[27.166666],[157.354545]
31364,[2119],1,130.18787900000098,130.18787900000098,27.16666599999735,27.16666599999735,157.35454499999832,157.35454499999832,[130.187879],[27.166666],[157.354545]
31365,[2119],1,130.18787900000098,130.18787900000098,27.16666599999735,27.16666599999735,157.35454499999832,157.35454499999832,[130.187879],[27.166666],[157.354545]
31366,[2119],1,130.18787900000098,130.18787900000098,27.16666599999735,27.16666599999735,157.35454499999832,157.35454499999832,[130.187879],[27.166666],[157.354545]
31367,[2119],1,130.18787900000098,130.18787900000098,27.16666599999735,27.16666599999735,157.35454499999832,157.35454499999832,[130.187879],[27.166666],[157.354545]
31368,[2119],1,130.18787900000098,130.18787900000098,27.16666599999735,27.16666599999735,157.35454499999832,157.35454499999832,[130.187879],[27.166666],[157.354545]
31369,[2119],1,130.18787900000098,130.18787900000098,27.16666599999735,27.16666599999735,157.35454499999832,157.35454499999832,[130.187879],[27.166666],[157.354545]
31370,[2119],1,130.18787900000098,130.18787900000098,27.16666599999735,27.16666599999735,157.35454499999832,157.35454499999832,[130.187879],[27.166666],[157.354545]
31371,[2119],1,130.18787900000098,130.18787900000098,27.16666599999735,27.16666599999735,157.35454499999832,157.35454499999832,[130.187879],[27.166666],[157.354545]
31372,[2119],1,130.18787900000098,130.18787900000098,27.16666599999735,27.16666599999735,157.35454499999832,157.35454499999832,[130.187879],[27.166666],[157.354545]
31373,[2119],1,130.18787900000098,130.18787900000098,27.16666599999735,27.16666599999735,157.35454499999832,157.35454499999832,[130.187879],[27.166666],[157.354545]
31374,[2119],1,130.18787900000098,130.18787900000098,27.16666599999735,27.16666599999735,157.35454499999832,157.35454499999832,[130.187879],[27.166666],[157.354545]
31375,[2119],1,130.18787900000098,130.18787900000098,27.16666599999735,27.16666599999735,157.35454499999832,157.35454499999832,[130.187879],[27.166666],[157.354545]
31376,[2119],1,130.18787900000098,130.18787900000098,27.16666599999735,27.16666599999735,157.35454499999832,157.35454499999832,[130.187879],[27.166666],[157.354545]
31377,[2119],1,130.18787900000098,130.18787900000098,27.16666599999735,27.16666599999735,157.35454499999832,157.35454499999832,[130.187879],[27.166666],[157.354545]
31378,[2119],1,130.18787900000098,130.18787900000098,27.16666599999735,27.16666599999735,157.35454499999832,157.35454499999832,[130.187879],[27.166666],[157.354545]
31379,[2119],1,130.18787900000098,130.18787900000098,27.16666599999735,27.16666599999735,157.35454499999832,157.35454499999832,[130.187879],[27.166666],[157.354545]
31380,[2119],1,130.18787900000098,130.18787900000098,27.16666599999735,27.16666599999735,157.35454499999832,157.35454499999832,[130.187879],[27.166666],[157.354545]
31381,[2119],1,130.18787900000098,130.18787900000098,27.16666599999735,27.16666599999735,157.35454499999832,157.35454499999832,[130.187879],[27.166666],[157.354545]
31382,[2119],1,130.18787900000098,130.18787900000098,27.16666599999735,27.16666599999735,157.35454499999832,157.35454499999832,[130.187879],[27.166666],[157.354545]
31383,[2119],1,130.18787900000098,130.18787900000098,27.16666599999735,27.16666599999735,157.35454499999832,157.35454499999832,[130.187879],[27.166666],[157.354545]
31384,[2119],1,130.18787900000098,130.18787900000098,27.16666599999735,27.16666599999735,157.35454499999832,157.35454499999832,[130.187879],[27.166666],[157.354545]
31385,[2119],1,130.18787900000098,130.18787900000098,27.16666599999735,27.16666599999735,157.35454499999832,157.35454499999832,[130.187879],[27.166666],[157.354545]
31386,[2119],1,130.18787900000098,130.18787900000098,27.16666599999735,27.16666599999735,157.35454499999832,157.35454499999832,[130.187879],[27.166666],[157.354545]
31387,[2119],1,130.18787900000098,130.18787900000098,27.16666599999735,27.16666599999735,157.35454499999832,157.35454499999832,[130.187879],[27.166666],[157.354545]
31388,[2119],1,130.18787900000098,130.18787900000098,27.16666599999735,27.16666599999735,157.35454499999832,157.35454499999832,[130.187879],[27.166666],[157.354545]
31389,[2119],1,130.18787900000098,130.18787900000098,27.16666599999735,27.16666599999735,157.35454499999832,157.35454499999832,[130.187879],[27.166666],[157.354545]
31390,[2119],1,130.18787900000098,130.18787900000098,27.16666599999735,27.16666599999735,157.35454499999832,157.35454499999832,[130.187879],[27.166666],[157.354545]
31391,[2119],1,130.18787900000098,130.18787900000098,27.16666599999735,27.16666599999735,157.35454499999832,157.35454499999832,[130.187879],[27.166666],[157.354545]
31392,[2119],1,130.18787900000098,130.18787900000098,27.16666599999735,27.16666599999735,157.35454499999832,157.35454499999832,[130.187879],[27.166666],[157.354545]
31393,[2119],1,130.18787900000098,130.18787900000098,27.16666599999735,27.16666599999735,157.35454499999832,157.35454499999832,[130.187879],[27.166666],[157.354545]
31394,[],0,0.0,0.0,0.0,0.0,0.0,0.0,[],[],[]
31395,[],0,0.0,0.0,0.0,0.0,0.0,0.0,[],[],[]
31396,[],0,0.0,0.0,0.0,0.0,0.0,0.0,[],[],[]
31397,[2218],1,60.20000000000073,60.20000000000073,52.70000000000073,52.70000000000073,112.90000000000146,112.90000000000146,[60.2],[52.7],[112.9]
31398,[2218],1,60.20000000000073,60.20000000000073,52.70000000000073,52.70000000000073,112.90000000000146,112.90000000000146,[60.2],[52.7],[112.9]
31399,[2218],1,60.20000000000073,60.20000000000073,52.70000000000073,52.70000000000073,112.90000000000146,112.90000000000146,[60.2],[52.7],[112.9]
31400,[2218],1,60.20000000000073,60.20000000000073,52.70000000000073,52.70000000000073,112.90000000000146,112.90000000000146,[60.2],[52.7],[112.9]
31401,[2218],1,60.20000000000073,60.20000000000073,52.70000000000073,52.70000000000073,112.90000000000146,112.90000000000146,[60.2],[52.7],[112.9]
31402,[2218],1,60.20000000000073,60.20000000000073,52.70000000000073,52.70000000000073,112.90000000000146,112.90000000000146,[60.2],[52.7],[112.9]
31403,[2218],1,60.20000000000073,60.20000000000073,52.70000000000073,52.70000000000073,112.90000000000146,112.90000000000146,[60.2],[52.7],[112.9]
31404,[2218],1,60.20000000000073,60.20000000000073,52.70000000000073,52.70000000000073,112.90000000000146,112.90000000000146,[60.2],[52.7],[112.9]
31405,[2218],1,60.20000000000073,60.20000000000073,52.70000000000073,52.70000000000073,112.90000000000146,112.90000000000146,[60.2],[52.7],[112.9]
31406,[2218],1,60.20000000000073,60.20000000000073,52.70000000000073,52.70000000000073,112.90000000000146,112.90000000000146,[60.2],[52.7],[112.9]
31407,[2218],1,60.20000000000073,60.20000000000073,52.70000000000073,52.70000000000073,112.90000000000146,112.90000000000146,[60.2],[52.7],[112.9]
31408,[2218],1,60.20000000000073,60.20000000000073,52.70000000000073,52.70000000000073,112.90000000000146,112.90000000000146,[60.2],[52.7],[112.9]
31409,[2218],1,60.20000000000073,60.20000000000073,52.70000000000073,52.70000000000073,112.90000000000146,112.90000000000146,[60.2],[52.7],[112.9]
31410,[2218],1,60.20000000000073,60.20000000000073,52.70000000000073,52.70000000000073,112.90000000000146,112.90000000000146,[60.2],[52.7],[112.9]
31411,[2218],1,60.20000000000073,60.20000000000073,52.70000000000073,52.70000000000073,112.90000000000146,112.90000000000146,[60.2],[52.7],[112.9]
31412,[2218],1,60.20000000000073,60.20000000000073,52.70000000000073,52.70000000000073,112.90000000000146,112.90000000000146,[60.2],[52.7],[112.9]
31413,[2218],1,60.20000000000073,60.20000000000073,52.70000000000073,52.70000000000073,112.90000000000146,112.90000000000146,[60.2],[52.7],[112.9]
31414,[2218],1,60.20000000000073,60.20000000000073,52.70000000000073,52.70000000000073,112.90000000000146,112.90000000000146,[60.2],[52.7],[112.9]
31415,[2218],1,60.20000000000073,60.20000000000073,52.70000000000073,52.70000000000073,112.90000000000146,112.90000000000146,[60.2],[52.7],[112.9]
31416,[2218],1,60.20000000000073,60.20000000000073,52.70000000000073,52.70000000000073,112.90000000000146,112.90000000000146,[60.2],[52.7],[112.9]
31417,[2218],1,60.20000000000073,60.20000000000073,52.70000000000073,52.70000000000073,112.90000000000146,112.90000000000146,[60.2],[52.7],[112.9]
31418,[2218],1,60.20000000000073,60.20000000000073,52.70000000000073,52.70000000000073,112.90000000000146,112.90000000000146,[60.2],[52.7],[112.9]
31419,[2218],1,60.20000000000073,60.20000000000073,52.70000000000073,52.70000000000073,112.90000000000146,112.90000000000146,[60.2],[52.7],[112.9]
31420,[2218],1,60.20000000000073,60.20000000000073,52.70000000000073,52.70000000000073,112.90000000000146,112.90000000000146,[60.2],[52.7],[112.9]
31421,[2218],1,60.20000000000073,60.20000000000073,52.70000000000073,52.70000000000073,112.90000000000146,112.90000000000146,[60.2],[52.7],[112.9]
31422,[2218],1,60.20000000000073,60.20000000000073,52.70000000000073,52.70000000000073,112.90000000000146,112.90000000000146,[60.2],[52.7],[112.9]
31423,[2218],1,60.20000000000073,60.20000000000073,52.70000000000073,52.70000000000073,112.90000000000146,112.90000000000146,[60.2],[52.7],[112.9]
31424,[2218],1,60.20000000000073,60.20000000000073,52.70000000000073,52.70000000000073,112.90000000000146,112.90000000000146,[60.2],[52.7],[112.9]
31425,[2218],1,60.20000000000073,60.20000000000073,52.70000000000073,52.70000000000073,112.90000000000146,112.90000000000146,[60.2],[52.7],[112.9]
31426,[2218],1,60.20000000000073,60.20000000000073,52.70000000000073,52.70000000000073,112.90000000000146,112.90000000000146,[60.2],[52.7],[112.9]
31427,[2218],1,60.20000000000073,60.20000000000073,52.70000000000073,52.70000000000073,112.90000000000146,112.90000000000146,[60.2],[52.7],[112.9]
31428,[2218],1,60.20000000000073,60.20000000000073,52.70000000000073,52.70000000000073,112.90000000000146,112.90000000000146,[60.2],[52.7],[112.9]
31429,[2218],1,60.20000000000073,60.20000000000073,52.70000000000073,52.70000000000073,112.90000000000146,112.90000000000146,[60.2],[52.7],[112.9]
31430,[2218],1,60.20000000000073,60.20000000000073,52.70000000000073,52.70000000000073,112.90000000000146,112.90000000000146,[60.2],[52.7],[112.9]
31431,[2218],1,60.20000000000073,60.20000000000073,52.70000000000073,52.70000000000073,112.90000000000146,112.90000000000146,[60.2],[52.7],[112.9]
31432,[2218],1,60.20000000000073,60.20000000000073,52.70000000000073,52.70000000000073,112.90000000000146,112.90000000000146,[60.2],[52.7],[112.9]
31433,[2218],1,60.20000000000073,60.20000000000073,52.70000000000073,52.70000000000073,112.90000000000146,112.90000000000146,[60.2],[52.7],[112.9]
31434,[2218],1,60.20000000000073,60.20000000000073,52.70000000000073,52.70000000000073,112.90000000000146,112.90000000000146,[60.2],[52.7],[112.9]
31435,[2218],1,60.20000000000073,60.20000000000073,52.70000000000073,52.70000000000073,112.90000000000146,112.90000000000146,[60.2],[52.7],[112.9]
31436,[2218],1,60.20000000000073,60.20000000000073,52.70000000000073,52.70000000000073,112.90000000000146,112.90000000000146,[60.2],[52.7],[112.9]
31437,[2218],1,60.20000000000073,60.20000000000073,52.70000000000073,52.70000000000073,112.90000000000146,112.90000000000146,[60.2],[52.7],[112.9]
31438,[2218],1,60.20000000000073,60.20000000000073,52.70000000000073,52.70000000000073,112.90000000000146,112.90000000000146,[60.2],[52.7],[112.9]
31439,[2218],1,60.20000000000073,60.20000000000073,52.70000000000073,52.70000000000073,112.90000000000146,112.90000000000146,[60.2],[52.7],[112.9]
31440,[2218],1,60.20000000000073,60.20000000000073,52.70000000000073,52.70000000000073,112.90000000000146,112.90000000000146,[60.2],[52.7],[112.9]
31441,[2218],1,60.20000000000073,60.20000000000073,52.70000000000073,52.70000000000073,112.90000000000146,112.90000000000146,[60.2],[52.7],[112.9]
31442,[2218],1,60.20000000000073,60.20000000000073,52.70000000000073,52.70000000000073,112.90000000000146,112.90000000000146,[60.2],[52.7],[112.9]
31443,[2218],1,60.20000000000073,60.20000000000073,52.70000000000073,52.70000000000073,112.90000000000146,112.90000000000146,[60.2],[52.7],[112.9]
31444,[2218 2259],2,36.70000000000073,60.20000000000073,52.70000000000073,52.70000000000073,89.40000000000146,112.90000000000146,[60.2 13.2],[52.7 52.7],[112.9  65.9]
31445,[2218 2259],2,36.70000000000073,60.20000000000073,52.70000000000073,52.70000000000073,89.40000000000146,112.90000000000146,[60.2 13.2],[52.7 52.7],[112.9  65.9]
31446,[2218 2259],2,36.70000000000073,60.20000000000073,52.70000000000073,52.70000000000073,89.40000000000146,112.90000000000146,[60.2 13.2],[52.7 52.7],[112.9  65.9]
31447,[2218 2259],2,36.70000000000073,60.20000000000073,52.70000000000073,52.70000000000073,89.40000000000146,112.90000000000146,[60.2 13.2],[52.7 52.7],[112.9  65.9]
31448,[2218 2259],2,36.70000000000073,60.20000000000073,52.70000000000073,52.70000000000073,89.40000000000146,112.90000000000146,[60.2 13.2],[52.7 52.7],[112.9  65.9]
31449,[2218 2259],2,36.70000000000073,60.20000000000073,52.70000000000073,52.70000000000073,89.40000000000146,112.90000000000146,[60.2 13.2],[52.7 52.7],[112.9  65.9]
31450,[2218 2259],2,36.70000000000073,60.20000000000073,52.70000000000073,52.70000000000073,89.40000000000146,112.90000000000146,[60.2 13.2],[52.7 52.7],[112.9  65.9]
31451,[2218 2259],2,36.70000000000073,60.20000000000073,52.70000000000073,52.70000000000073,89.40000000000146,112.90000000000146,[60.2 13.2],[52.7 52.7],[112.9  65.9]
31452,[2218 2259],2,36.70000000000073,60.20000000000073,52.70000000000073,52.70000000000073,89.40000000000146,112.90000000000146,[60.2 13.2],[52.7 52.7],[112.9  65.9]
31453,[2218 2259],2,36.70000000000073,60.20000000000073,52.70000000000073,52.70000000000073,89.40000000000146,112.90000000000146,[60.2 13.2],[52.7 52.7],[112.9  65.9]
31454,[2218 2259],2,36.70000000000073,60.20000000000073,52.70000000000073,52.70000000000073,89.40000000000146,112.90000000000146,[60.2 13.2],[52.7 52.7],[112.9  65.9]
31455,[2218 2259],2,36.70000000000073,60.20000000000073,52.70000000000073,52.70000000000073,89.40000000000146,112.90000000000146,[60.2 13.2],[52.7 52.7],[112.9  65.9]
31456,[2218 2259],2,36.70000000000073,60.20000000000073,52.70000000000073,52.70000000000073,89.40000000000146,112.90000000000146,[60.2 13.2],[52.7 52.7],[112.9  65.9]
31457,[2218 2259],2,36.70000000000073,60.20000000000073,52.70000000000073,52.70000000000073,89.40000000000146,112.90000000000146,[60.2 13.2],[52.7 52.7],[112.9  65.9]
31458,[],0,0.0,0.0,0.0,0.0,0.0,0.0,[],[],[]
31459,[],0,0.0,0.0,0.0,0.0,0.0,0.0,[],[],[]
31460,[],0,0.0,0.0,0.0,0.0,0.0,0.0,[],[],[]
31461,[],0,0.0,0.0,0.0,0.0,0.0,0.0,[],[],[]
31462,[],0,0.0,0.0,0.0,0.0,0.0,0.0,[],[],[]
31463,[],0,0.0,0.0,0.0,0.0,0.0,0.0,[],[],[]
31464,[],0,0.0,0.0,0.0,0.0,0.0,0.0,[],[],[]
31465,[],0,0.0,0.0,0.0,0.0,0.0,0.0,[],[],[]
31466,[],0,0.0,0.0,0.0,0.0,0.0,0.0,[],[],[]
31467,[],0,0.0,0.0,0.0,0.0,0.0,0.0,[],[],[]
31468,[],0,0.0,0.0,0.0,0.0,0.0,0.0,[],[],[]
31469,[],0,0.0,0.0,0.0,0.0,0.0,0.0,[],[],[]
31470,[],0,0.0,0.0,0.0,0.0,0.0,0.0,[],[],[]
31471,[],0,0.0,0.0,0.0,0.0,0.0,0.0,[],[],[]
31472,[],0,0.0,0.0,0.0,0.0,0.0,0.0,[],[],[]
31473,[],0,0.0,0.0,0.0,0.0,0.0,0.0,[],[],[]
31474,[2282],1,40.70000000000073,40.70000000000073,29.687879000000976,29.687879000000976,70.3878790000017,70.3878790000017,[40.7],[29.687879],[70.387879]
31475,[2282],1,40.70000000000073,40.70000000000073,29.687879000000976,29.687879000000976,70.3878790000017,70.3878790000017,[40.7],[29.687879],[70.387879]
31476,[2282],1,40.70000000000073,40.70000000000073,29.687879000000976,29.687879000000976,70.3878790000017,70.3878790000017,[40.7],[29.687879],[70.387879]
31477,[2282],1,40.70000000000073,40.70000000000073,29.687879000000976,29.687879000000976,70.3878790000017,70.3878790000017,[40.7],[29.687879],[70.387879]
31478,[2282],1,40.70000000000073,40.70000000000073,29.687879000000976,29.687879000000976,70.3878790000017,70.3878790000017,[40.7],[29.687879],[70.387879]
31479,[2282],1,40.70000000000073,40.70000000000073,29.687879000000976,29.687879000000976,70.3878790000017,70.3878790000017,[40.7],[29.687879],[70.387879]
31480,[2282],1,40.70000000000073,40.70000000000073,29.687879000000976,29.687879000000976,70.3878790000017,70.3878790000017,[40.7],[29.687879],[70.387879]
31481,[2282],1,40.70000000000073,40.70000000000073,29.687879000000976,29.687879000000976,70.3878790000017,70.3878790000017,[40.7],[29.687879],[70.387879]
31482,[2282],1,40.70000000000073,40.70000000000073,29.687879000000976,29.687879000000976,70.3878790000017,70.3878790000017,[40.7],[29.687879],[70.387879]
31483,[2282],1,40.70000000000073,40.70000000000073,29.687879000000976,29.687879000000976,70.3878790000017,70.3878790000017,[40.7],[29.687879],[70.387879]
31484,[2282],1,40.70000000000073,40.70000000000073,29.687879000000976,29.687879000000976,70.3878790000017,70.3878790000017,[40.7],[29.687879],[70.387879]
31485,[2282],1,40.70000000000073,40.70000000000073,29.687879000000976,29.687879000000976,70.3878790000017,70.3878790000017,[40.7],[29.687879],[70.387879]
31486,[2282],1,40.70000000000073,40.70000000000073,29.687879000000976,29.687879000000976,70.3878790000017,70.3878790000017,[40.7],[29.687879],[70.387879]
31487,[2282],1,40.70000000000073,40.70000000000073,29.687879000000976,29.687879000000976,70.3878790000017,70.3878790000017,[40.7],[29.687879],[70.387879]
31488,[2282],1,40.70000000000073,40.70000000000073,29.687879000000976,29.687879000000976,70.3878790000017,70.3878790000017,[40.7],[29.687879],[70.387879]
31489,[2282],1,40.70000000000073,40.70000000000073,29.687879000000976,29.687879000000976,70.3878790000017,70.3878790000017,[40.7],[29.687879],[70.387879]
31490,[2282],1,40.70000000000073,40.70000000000073,29.687879000000976,29.687879000000976,70.3878790000017,70.3878790000017,[40.7],[29.687879],[70.387879]
31491,[2282],1,40.70000000000073,40.70000000000073,29.687879000000976,29.687879000000976,70.3878790000017,70.3878790000017,[40.7],[29.687879],[70.387879]
31492,[2282],1,40.70000000000073,40.70000000000073,29.687879000000976,29.687879000000976,70.3878790000017,70.3878790000017,[40.7],[29.687879],[70.387879]
31493,[2282],1,40.70000000000073,40.70000000000073,29.687879000000976,29.687879000000976,70.3878790000017,70.3878790000017,[40.7],[29.687879],[70.387879]
31494,[2282],1,40.70000000000073,40.70000000000073,29.687879000000976,29.687879000000976,70.3878790000017,70.3878790000017,[40.7],[29.687879],[70.387879]
31495,[2282],1,40.70000000000073,40.70000000000073,29.687879000000976,29.687879000000976,70.3878790000017,70.3878790000017,[40.7],[29.687879],[70.387879]
31496,[2282],1,40.70000000000073,40.70000000000073,29.687879000000976,29.687879000000976,70.3878790000017,70.3878790000017,[40.7],[29.687879],[70.387879]
31497,[2282],1,40.70000000000073,40.70000000000073,29.687879000000976,29.687879000000976,70.3878790000017,70.3878790000017,[40.7],[29.687879],[70.387879]
31498,[2282],1,40.70000000000073,40.70000000000073,29.687879000000976,29.687879000000976,70.3878790000017,70.3878790000017,[40.7],[29.687879],[70.387879]
31499,[2282],1,40.70000000000073,40.70000000000073,29.687879000000976,29.687879000000976,70.3878790000017,70.3878790000017,[40.7],[29.687879],[70.387879]
31500,[2282],1,40.70000000000073,40.70000000000073,29.687879000000976,29.687879000000976,70.3878790000017,70.3878790000017,[40.7],[29.687879],[70.387879]
31501,[2282],1,40.70000000000073,40.70000000000073,29.687879000000976,29.687879000000976,70.3878790000017,70.3878790000017,[40.7],[29.687879],[70.387879]
31502,[2282],1,40.70000000000073,40.70000000000073,29.687879000000976,29.687879000000976,70.3878790000017,70.3878790000017,[40.7],[29.687879],[70.387879]
31503,[2282],1,40.70000000000073,40.70000000000073,29.687879000000976,29.687879000000976,70.3878790000017,70.3878790000017,[40.7],[29.687879],[70.387879]
31504,[2282],1,40.70000000000073,40.70000000000073,29.687879000000976,29.687879000000976,70.3878790000017,70.3878790000017,[40.7],[29.687879],[70.387879]
31505,[2282],1,40.70000000000073,40.70000000000073,29.687879000000976,29.687879000000976,70.3878790000017,70.3878790000017,[40.7],[29.687879],[70.387879]
31506,[2282],1,40.70000000000073,40.70000000000073,29.687879000000976,29.687879000000976,70.3878790000017,70.3878790000017,[40.7],[29.687879],[70.387879]
31507,[2282],1,40.70000000000073,40.70000000000073,29.687879000000976,29.687879000000976,70.3878790000017,70.3878790000017,[40.7],[29.687879],[70.387879]
31508,[2282],1,40.70000000000073,40.70000000000073,29.687879000000976,29.687879000000976,70.3878790000017,70.3878790000017,[40.7],[29.687879],[70.387879]
31509,[2282],1,40.70000000000073,40.70000000000073,29.687879000000976,29.687879000000976,70.3878790000017,70.3878790000017,[40.7],[29.687879],[70.387879]
31510,[2282],1,40.70000000000073,40.70000000000073,29.687879000000976,29.687879000000976,70.3878790000017,70.3878790000017,[40.7],[29.687879],[70.387879]
31511,[2282],1,40.70000000000073,40.70000000000073,29.687879000000976,29.687879000000976,70.3878790000017,70.3878790000017,[40.7],[29.687879],[70.387879]
31512,[2282],1,40.70000000000073,40.70000000000073,29.687879000000976,29.687879000000976,70.3878790000017,70.3878790000017,[40.7],[29.687879],[70.387879]
31513,[2282],1,40.70000000000073,40.70000000000073,29.687879000000976,29.687879000000976,70.3878790000017,70.3878790000017,[40.7],[29.687879],[70.387879]
31514,[2282 2313],2,20.700000000000728,40.70000000000073,29.687879000000976,29.687879000000976,50.3878790000017,70.3878790000017,[40.7  0.7],[29.687879 29.687879],[70.387879 30.387879]
31515,[],0,0.0,0.0,0.0,0.0,0.0,0.0,[],[],[]
31516,[],0,0.0,0.0,0.0,0.0,0.0,0.0,[],[],[]
31517,[],0,0.0,0.0,0.0,0.0,0.0,0.0,[],[],[]
31518,[],0,0.0,0.0,0.0,0.0,0.0,0.0,[],[],[]
31519,[],0,0.0,0.0,0.0,0.0,0.0,0.0,[],[],[]
31520,[],0,0.0,0.0,0.0,0.0,0.0,0.0,[],[],[]
31521,[],0,0.0,0.0,0.0,0.0,0.0,0.0,[],[],[]
31522,[],0,0.0,0.0,0.0,0.0,0.0,0.0,[],[],[]
31523,[],0,0.0,0.0,0.0,0.0,0.0,0.0,[],[],[]
31524,[],0,0.0,0.0,0.0,0.0,0.0,0.0,[],[],[]
31525,[],0,0.0,0.0,0.0,0.0,0.0,0.0,[],[],[]
31526,[],0,0.0,0.0,0.0,0.0,0.0,0.0,[],[],[]
31527,[],0,0.0,0.0,0.0,0.0,0.0,0.0,[],[],[]
31528,[],0,0.0,0.0,0.0,0.0,0.0,0.0,[],[],[]
31529,[],0,0.0,0.0,0.0,0.0,0.0,0.0,[],[],[]
31530,[],0,0.0,0.0,0.0,0.0,0.0,0.0,[],[],[]
31531,[],0,0.0,0.0,0.0,0.0,0.0,0.0,[],[],[]
31532,[],0,0.0,0.0,0.0,0.0,0.0,0.0,[],[],[]
31533,[],0,0.0,0.0,0.0,0.0,0.0,0.0,[],[],[]
31534,[],0,0.0,0.0,0.0,0.0,0.0,0.0,[],[],[]
31535,[],0,0.0,0.0,0.0,0.0,0.0,0.0,[],[],[]
31536,[],0,0.0,0.0,0.0,0.0,0.0,0.0,[],[],[]
31537,[],0,0.0,0.0,0.0,0.0,0.0,0.0,[],[],[]
31538,[],0,0.0,0.0,0.0,0.0,0.0,0.0,[],[],[]
31539,[],0,0.0,0.0,0.0,0.0,0.0,0.0,[],[],[]
31540,[],0,0.0,0.0,0.0,0.0,0.0,0.0,[],[],[]
31541,[],0,0.0,0.0,0.0,0.0,0.0,0.0,[],[],[]
31542,[],0,0.0,0.0,0.0,0.0,0.0,0.0,[],[],[]
31543,[],0,0.0,0.0,0.0,0.0,0.0,0.0,[],[],[]
31544,[],0,0.0,0.0,0.0,0.0,0.0,0.0,[],[],[]
31545,[],0,0.0,0.0,0.0,0.0,0.0,0.0,[],[],[]
31546,[],0,0.0,0.0,0.0,0.0,0.0,0.0,[],[],[]
31547,[],0,0.0,0.0,0.0,0.0,0.0,0.0,[],[],[]
31548,[],0,0.0,0.0,0.0,0.0,0.0,0.0,[],[],[]
31549,[],0,0.0,0.0,0.0,0.0,0.0,0.0,[],[],[]
31550,[],0,0.0,0.0,0.0,0.0,0.0,0.0,[],[],[]
31551,[],0,0.0,0.0,0.0,0.0,0.0,0.0,[],[],[]
31552,[],0,0.0,0.0,0.0,0.0,0.0,0.0,[],[],[]
31553,[],0,0.0,0.0,0.0,0.0,0.0,0.0,[],[],[]
31554,[],0,0.0,0.0,0.0,0.0,0.0,0.0,[],[],[]
31555,[],0,0.0,0.0,0.0,0.0,0.0,0.0,[],[],[]
31556,[2351],1,79.29999999999927,79.29999999999927,31.900000000001455,31.900000000001455,111.20000000000073,111.20000000000073,[79.3],[31.9],[111.2]
31557,[2351],1,79.29999999999927,79.29999999999927,31.900000000001455,31.900000000001455,111.20000000000073,111.20000000000073,[79.3],[31.9],[111.2]
31558,[2351],1,79.29999999999927,79.29999999999927,31.900000000001455,31.900000000001455,111.20000000000073,111.20000000000073,[79.3],[31.9],[111.2]
31559,[2351],1,79.29999999999927,79.29999999999927,31.900000000001455,31.900000000001455,111.20000000000073,111.20000000000073,[79.3],[31.9],[111.2]
31560,[2351],1,79.29999999999927,79.29999999999927,31.900000000001455,31.900000000001455,111.20000000000073,111.20000000000073,[79.3],[31.9],[111.2]
31561,[2351],1,79.29999999999927,79.29999999999927,31.900000000001455,31.900000000001455,111.20000000000073,111.20000000000073,[79.3],[31.9],[111.2]
31562,[2351],1,79.29999999999927,79.29999999999927,31.900000000001455,31.900000000001455,111.20000000000073,111.20000000000073,[79.3],[31.9],[111.2]
31563,[2351],1,79.29999999999927,79.29999999999927,31.900000000001455,31.900000000001455,111.20000000000073,111.20000000000073,[79.3],[31.9],[111.2]
31564,[2351],1,79.29999999999927,79.29999999999927,31.900000000001455,31.900000000001455,111.20000000000073,111.20000000000073,[79.3],[31.9],[111.2]
31565,[2351],1,79.29999999999927,79.29999999999927,31.900000000001455,31.900000000001455,111.20000000000073,111.20000000000073,[79.3],[31.9],[111.2]
31566,[2351],1,79.29999999999927,79.29999999999927,31.900000000001455,31.900000000001455,111.20000000000073,111.20000000000073,[79.3],[31.9],[111.2]
31567,[2351],1,79.29999999999927,79.29999999999927,31.900000000001455,31.900000000001455,111.20000000000073,111.20000000000073,[79.3],[31.9],[111.2]
31568,[2351],1,79.29999999999927,79.29999999999927,31.900000000001455,31.900000000001455,111.20000000000073,111.20000000000073,[79.3],[31.9],[111.2]
31569,[2351 2360],2,59.5,79.29999999999927,32.777272499999526,33.6545449999976,92.27727249999953,111.20000000000073,[79.3 39.7],[31.9      33.654545],[111.2       73.354545]
31570,[2351 2360],2,59.5,79.29999999999927,32.777272499999526,33.6545449999976,92.27727249999953,111.20000000000073,[79.3 39.7],[31.9      33.654545],[111.2       73.354545]
31571,[2351 2360],2,59.5,79.29999999999927,32.777272499999526,33.6545449999976,92.27727249999953,111.20000000000073,[79.3 39.7],[31.9      33.654545],[111.2       73.354545]
31572,[2351 2360],2,59.5,79.29999999999927,32.777272499999526,33.6545449999976,92.27727249999953,111.20000000000073,[79.3 39.7],[31.9      33.654545],[111.2       73.354545]
31573,[2351 2360],2,59.5,79.29999999999927,32.777272499999526,33.6545449999976,92.27727249999953,111.20000000000073,[79.3 39.7],[31.9      33.654545],[111.2       73.354545]
31574,[2351 2360],2,59.5,79.29999999999927,32.777272499999526,33.6545449999976,92.27727249999953,111.20000000000073,[79.3 39.7],[31.9      33.654545],[111.2       73.354545]
31575,[2351 2360],2,59.5,79.29999999999927,32.777272499999526,33.6545449999976,92.27727249999953,111.20000000000073,[79.3 39.7],[31.9      33.654545],[111.2       73.354545]
31576,[2351 2360],2,59.5,79.29999999999927,32.777272499999526,33.6545449999976,92.27727249999953,111.20000000000073,[79.3 39.7],[31.9      33.654545],[111.2       73.354545]
31577,[2351 2360],2,59.5,79.29999999999927,32.777272499999526,33.6545449999976,92.27727249999953,111.20000000000073,[79.3 39.7],[31.9      33.654545],[111.2       73.354545]
31578,[2351 2360],2,59.5,79.29999999999927,32.777272499999526,33.6545449999976,92.27727249999953,111.20000000000073,[79.3 39.7],[31.9      33.654545],[111.2       73.354545]
31579,[2351 2360],2,59.5,79.29999999999927,32.777272499999526,33.6545449999976,92.27727249999953,111.20000000000073,[79.3 39.7],[31.9      33.654545],[111.2       73.354545]
31580,[2351 2360],2,59.5,79.29999999999927,32.777272499999526,33.6545449999976,92.27727249999953,111.20000000000073,[79.3 39.7],[31.9      33.654545],[111.2       73.354545]
31581,[2351 2360],2,59.5,79.29999999999927,32.777272499999526,33.6545449999976,92.27727249999953,111.20000000000073,[79.3 39.7],[31.9      33.654545],[111.2       73.354545]
31582,[2351 2360],2,59.5,79.29999999999927,32.777272499999526,33.6545449999976,92.27727249999953,111.20000000000073,[79.3 39.7],[31.9      33.654545],[111.2       73.354545]
31583,[2351 2360],2,59.5,79.29999999999927,32.777272499999526,33.6545449999976,92.27727249999953,111.20000000000073,[79.3 39.7],[31.9      33.654545],[111.2       73.354545]
31584,[2351 2360],2,59.5,79.29999999999927,32.777272499999526,33.6545449999976,92.27727249999953,111.20000000000073,[79.3 39.7],[31.9      33.654545],[111.2       73.354545]
31585,[2351 2360],2,59.5,79.29999999999927,32.777272499999526,33.6545449999976,92.27727249999953,111.20000000000073,[79.3 39.7],[31.9      33.654545],[111.2       73.354545]
31586,[2351 2360],2,59.5,79.29999999999927,32.777272499999526,33.6545449999976,92.27727249999953,111.20000000000073,[79.3 39.7],[31.9      33.654545],[111.2       73.354545]
31587,[2351 2360],2,59.5,79.29999999999927,32.777272499999526,33.6545449999976,92.27727249999953,111.20000000000073,[79.3 39.7],[31.9      33.654545],[111.2       73.354545]
31588,[2351 2360],2,59.5,79.29999999999927,32.777272499999526,33.6545449999976,92.27727249999953,111.20000000000073,[79.3 39.7],[31.9      33.654545],[111.2       73.354545]
31589,[2351 2360],2,59.5,79.29999999999927,32.777272499999526,33.6545449999976,92.27727249999953,111.20000000000073,[79.3 39.7],[31.9      33.654545],[111.2       73.354545]
31590,[2351 2360],2,59.5,79.29999999999927,32.777272499999526,33.6545449999976,92.27727249999953,111.20000000000073,[79.3 39.7],[31.9      33.654545],[111.2       73.354545]
31591,[2351 2360],2,59.5,79.29999999999927,32.777272499999526,33.6545449999976,92.27727249999953,111.20000000000073,[79.3 39.7],[31.9      33.654545],[111.2       73.354545]
31592,[2351 2360],2,59.5,79.29999999999927,32.777272499999526,33.6545449999976,92.27727249999953,111.20000000000073,[79.3 39.7],[31.9      33.654545],[111.2       73.354545]
31593,[2351 2360],2,59.5,79.29999999999927,32.777272499999526,33.6545449999976,92.27727249999953,111.20000000000073,[79.3 39.7],[31.9      33.654545],[111.2       73.354545]
31594,[2351 2360],2,59.5,79.29999999999927,32.777272499999526,33.6545449999976,92.27727249999953,111.20000000000073,[79.3 39.7],[31.9      33.654545],[111.2       73.354545]
31595,[2351 2360],2,59.5,79.29999999999927,32.777272499999526,33.6545449999976,92.27727249999953,111.20000000000073,[79.3 39.7],[31.9      33.654545],[111.2       73.354545]
31596,[2351 2360],2,59.5,79.29999999999927,32.777272499999526,33.6545449999976,92.27727249999953,111.20000000000073,[79.3 39.7],[31.9      33.654545],[111.2       73.354545]
31597,[2351 2360],2,59.5,79.29999999999927,32.777272499999526,33.6545449999976,92.27727249999953,111.20000000000073,[79.3 39.7],[31.9      33.654545],[111.2       73.354545]
31598,[2351 2360],2,59.5,79.29999999999927,32.777272499999526,33.6545449999976,92.27727249999953,111.20000000000073,[79.3 39.7],[31.9      33.654545],[111.2       73.354545]
31599,[2351 2360],2,59.5,79.29999999999927,32.777272499999526,33.6545449999976,92.27727249999953,111.20000000000073,[79.3 39.7],[31.9      33.654545],[111.2       73.354545]
31600,[2351 2360],2,59.5,79.29999999999927,32.777272499999526,33.6545449999976,92.27727249999953,111.20000000000073,[79.3 39.7],[31.9      33.654545],[111.2       73.354545]
31601,[2351 2360],2,59.5,79.29999999999927,32.777272499999526,33.6545449999976,92.27727249999953,111.20000000000073,[79.3 39.7],[31.9      33.654545],[111.2       73.354545]
31602,[2351 2360],2,59.5,79.29999999999927,32.777272499999526,33.6545449999976,92.27727249999953,111.20000000000073,[79.3 39.7],[31.9      33.654545],[111.2       73.354545]
31603,[2351 2360],2,59.5,79.29999999999927,32.777272499999526,33.6545449999976,92.27727249999953,111.20000000000073,[79.3 39.7],[31.9      33.654545],[111.2       73.354545]
31604,[2351 2360],2,59.5,79.29999999999927,32.777272499999526,33.6545449999976,92.27727249999953,111.20000000000073,[79.3 39.7],[31.9      33.654545],[111.2       73.354545]
31605,[2351 2360],2,59.5,79.29999999999927,32.777272499999526,33.6545449999976,92.27727249999953,111.20000000000073,[79.3 39.7],[31.9      33.654545],[111.2       73.354545]
31606,[2351 2360],2,59.5,79.29999999999927,32.777272499999526,33.6545449999976,92.27727249999953,111.20000000000073,[79.3 39.7],[31.9      33.654545],[111.2       73.354545]
31607,[2351 2360],2,59.5,79.29999999999927,32.777272499999526,33.6545449999976,92.27727249999953,111.20000000000073,[79.3 39.7],[31.9      33.654545],[111.2       73.354545]
31608,[2351 2360],2,59.5,79.29999999999927,32.777272499999526,33.6545449999976,92.27727249999953,111.20000000000073,[79.3 39.7],[31.9      33.654545],[111.2       73.354545]
31609,[2351],1,79.29999999999927,79.29999999999927,31.900000000001455,31.900000000001455,111.20000000000073,111.20000000000073,[79.3],[31.9],[111.2]
31610,[2351],1,79.29999999999927,79.29999999999927,31.900000000001455,31.900000000001455,111.20000000000073,111.20000000000073,[79.3],[31.9],[111.2]
31611,[2351],1,79.29999999999927,79.29999999999927,31.900000000001455,31.900000000001455,111.20000000000073,111.20000000000073,[79.3],[31.9],[111.2]
31612,[2351],1,79.29999999999927,79.29999999999927,31.900000000001455,31.900000000001455,111.20000000000073,111.20000000000073,[79.3],[31.9],[111.2]
31613,[2351],1,79.29999999999927,79.29999999999927,31.900000000001455,31.900000000001455,111.20000000000073,111.20000000000073,[79.3],[31.9],[111.2]
31614,[2351],1,79.29999999999927,79.29999999999927,31.900000000001455,31.900000000001455,111.20000000000073,111.20000000000073,[79.3],[31.9],[111.2]
31615,[2351],1,79.29999999999927,79.29999999999927,31.900000000001455,31.900000000001455,111.20000000000073,111.20000000000073,[79.3],[31.9],[111.2]
31616,[2351],1,79.29999999999927,79.29999999999927,31.900000000001455,31.900000000001455,111.20000000000073,111.20000000000073,[79.3],[31.9],[111.2]
31617,[2351],1,79.29999999999927,79.29999999999927,31.900000000001455,31.900000000001455,111.20000000000073,111.20000000000073,[79.3],[31.9],[111.2]
31618,[2351],1,79.29999999999927,79.29999999999927,31.900000000001455,31.900000000001455,111.20000000000073,111.20000000000073,[79.3],[31.9],[111.2]
31619,[2351 2407],2,47.79999999999927,79.29999999999927,31.900000000001455,31.900000000001455,79.70000000000073,111.20000000000073,[79.3 16.3],[31.9 31.9],[111.2  48.2]
31620,[2351 2407],2,47.79999999999927,79.29999999999927,31.900000000001455,31.900000000001455,79.70000000000073,111.20000000000073,[79.3 16.3],[31.9 31.9],[111.2  48.2]
31621,[2351 2407 2410],3,36.63333333333261,79.29999999999927,31.900000000001455,31.900000000001455,68.53333333333406,111.20000000000073,[79.3 16.3 14.3],[31.9 31.9 31.9],[111.2  48.2  46.2]
31622,[2351 2407 2410],3,36.63333333333261,79.29999999999927,31.900000000001455,31.900000000001455,68.53333333333406,111.20000000000073,[79.3 16.3 14.3],[31.9 31.9 31.9],[111.2  48.2  46.2]
31623,[2351 2407 2410],3,36.63333333333261,79.29999999999927,31.900000000001455,31.900000000001455,68.53333333333406,111.20000000000073,[79.3 16.3 14.3],[31.9 31.9 31.9],[111.2  48.2  46.2]
31624,[2351 2407 2410],3,36.63333333333261,79.29999999999927,31.900000000001455,31.900000000001455,68.53333333333406,111.20000000000073,[79.3 16.3 14.3],[31.9 31.9 31.9],[111.2  48.2  46.2]
31625,[2351 2407 2410],3,36.63333333333261,79.29999999999927,31.900000000001455,31.900000000001455,68.53333333333406,111.20000000000073,[79.3 16.3 14.3],[31.9 31.9 31.9],[111.2  48.2  46.2]
31626,[2351 2407 2410],3,36.63333333333261,79.29999999999927,31.900000000001455,31.900000000001455,68.53333333333406,111.20000000000073,[79.3 16.3 14.3],[31.9 31.9 31.9],[111.2  48.2  46.2]
31627,[2351 2407 2410],3,36.63333333333261,79.29999999999927,31.900000000001455,31.900000000001455,68.53333333333406,111.20000000000073,[79.3 16.3 14.3],[31.9 31.9 31.9],[111.2  48.2  46.2]
31628,[2351 2407 2410],3,36.63333333333261,79.29999999999927,31.900000000001455,31.900000000001455,68.53333333333406,111.20000000000073,[79.3 16.3 14.3],[31.9 31.9 31.9],[111.2  48.2  46.2]
31629,[2351 2407 2410],3,36.63333333333261,79.29999999999927,31.900000000001455,31.900000000001455,68.53333333333406,111.20000000000073,[79.3 16.3 14.3],[31.9 31.9 31.9],[111.2  48.2  46.2]
31630,[2351 2407 2410],3,36.63333333333261,79.29999999999927,31.900000000001455,31.900000000001455,68.53333333333406,111.20000000000073,[79.3 16.3 14.3],[31.9 31.9 31.9],[111.2  48.2  46.2]
31631,[2351 2407 2410],3,36.63333333333261,79.29999999999927,31.900000000001455,31.900000000001455,68.53333333333406,111.20000000000073,[79.3 16.3 14.3],[31.9 31.9 31.9],[111.2  48.2  46.2]
31632,[2351 2407 2410],3,36.63333333333261,79.29999999999927,31.900000000001455,31.900000000001455,68.53333333333406,111.20000000000073,[79.3 16.3 14.3],[31.9 31.9 31.9],[111.2  48.2  46.2]
31633,[2351 2407 2410],3,36.63333333333261,79.29999999999927,31.900000000001455,31.900000000001455,68.53333333333406,111.20000000000073,[79.3 16.3 14.3],[31.9 31.9 31.9],[111.2  48.2  46.2]
31634,[2351 2407 2410],3,36.63333333333261,79.29999999999927,31.900000000001455,31.900000000001455,68.53333333333406,111.20000000000073,[79.3 16.3 14.3],[31.9 31.9 31.9],[111.2  48.2  46.2]
31635,[2351 2407 2410],3,36.63333333333261,79.29999999999927,31.900000000001455,31.900000000001455,68.53333333333406,111.20000000000073,[79.3 16.3 14.3],[31.9 31.9 31.9],[111.2  48.2  46.2]
31636,[],0,0.0,0.0,0.0,0.0,0.0,0.0,[],[],[]
31637,[],0,0.0,0.0,0.0,0.0,0.0,0.0,[],[],[]
31638,[],0,0.0,0.0,0.0,0.0,0.0,0.0,[],[],[]
31639,[],0,0.0,0.0,0.0,0.0,0.0,0.0,[],[],[]
31640,[],0,0.0,0.0,0.0,0.0,0.0,0.0,[],[],[]
31641,[],0,0.0,0.0,0.0,0.0,0.0,0.0,[],[],[]
31642,[],0,0.0,0.0,0.0,0.0,0.0,0.0,[],[],[]
31643,[],0,0.0,0.0,0.0,0.0,0.0,0.0,[],[],[]
31644,[],0,0.0,0.0,0.0,0.0,0.0,0.0,[],[],[]
31645,[],0,0.0,0.0,0.0,0.0,0.0,0.0,[],[],[]
31646,[],0,0.0,0.0,0.0,0.0,0.0,0.0,[],[],[]
31647,[],0,0.0,0.0,0.0,0.0,0.0,0.0,[],[],[]
31648,[],0,0.0,0.0,0.0,0.0,0.0,0.0,[],[],[]
31649,[],0,0.0,0.0,0.0,0.0,0.0,0.0,[],[],[]
31650,[],0,0.0,0.0,0.0,0.0,0.0,0.0,[],[],[]
31651,[],0,0.0,0.0,0.0,0.0,0.0,0.0,[],[],[]
31652,[],0,0.0,0.0,0.0,0.0,0.0,0.0,[],[],[]
31653,[],0,0.0,0.0,0.0,0.0,0.0,0.0,[],[],[]
31654,[],0,0.0,0.0,0.0,0.0,0.0,0.0,[],[],[]
31655,[],0,0.0,0.0,0.0,0.0,0.0,0.0,[],[],[]
31656,[],0,0.0,0.0,0.0,0.0,0.0,0.0,[],[],[]
31657,[],0,0.0,0.0,0.0,0.0,0.0,0.0,[],[],[]
31658,[],0,0.0,0.0,0.0,0.0,0.0,0.0,[],[],[]
31659,[],0,0.0,0.0,0.0,0.0,0.0,0.0,[],[],[]
31660,[],0,0.0,0.0,0.0,0.0,0.0,0.0,[],[],[]
31661,[],0,0.0,0.0,0.0,0.0,0.0,0.0,[],[],[]
31662,[],0,0.0,0.0,0.0,0.0,0.0,0.0,[],[],[]
31663,[],0,0.0,0.0,0.0,0.0,0.0,0.0,[],[],[]
31664,[],0,0.0,0.0,0.0,0.0,0.0,0.0,[],[],[]
31665,[],0,0.0,0.0,0.0,0.0,0.0,0.0,[],[],[]
31666,[],0,0.0,0.0,0.0,0.0,0.0,0.0,[],[],[]
31667,[],0,0.0,0.0,0.0,0.0,0.0,0.0,[],[],[]
31668,[],0,0.0,0.0,0.0,0.0,0.0,0.0,[],[],[]
31669,[],0,0.0,0.0,0.0,0.0,0.0,0.0,[],[],[]
31670,[],0,0.0,0.0,0.0,0.0,0.0,0.0,[],[],[]
31671,[],0,0.0,0.0,0.0,0.0,0.0,0.0,[],[],[]
31672,[],0,0.0,0.0,0.0,0.0,0.0,0.0,[],[],[]
31673,[],0,0.0,0.0,0.0,0.0,0.0,0.0,[],[],[]
31674,[],0,0.0,0.0,0.0,0.0,0.0,0.0,[],[],[]
31675,[],0,0.0,0.0,0.0,0.0,0.0,0.0,[],[],[]
31676,[],0,0.0,0.0,0.0,0.0,0.0,0.0,[],[],[]
31677,[],0,0.0,0.0,0.0,0.0,0.0,0.0,[],[],[]
31678,[],0,0.0,0.0,0.0,0.0,0.0,0.0,[],[],[]
31679,[],0,0.0,0.0,0.0,0.0,0.0,0.0,[],[],[]
31680,[],0,0.0,0.0,0.0,0.0,0.0,0.0,[],[],[]
31681,[],0,0.0,0.0,0.0,0.0,0.0,0.0,[],[],[]
31682,[],0,0.0,0.0,0.0,0.0,0.0,0.0,[],[],[]
31683,[],0,0.0,0.0,0.0,0.0,0.0,0.0,[],[],[]
31684,[],0,0.0,0.0,0.0,0.0,0.0,0.0,[],[],[]
31685,[],0,0.0,0.0,0.0,0.0,0.0,0.0,[],[],[]
31686,[],0,0.0,0.0,0.0,0.0,0.0,0.0,[],[],[]
31687,[],0,0.0,0.0,0.0,0.0,0.0,0.0,[],[],[]
31688,[],0,0.0,0.0,0.0,0.0,0.0,0.0,[],[],[]
31689,[],0,0.0,0.0,0.0,0.0,0.0,0.0,[],[],[]
31690,[],0,0.0,0.0,0.0,0.0,0.0,0.0,[],[],[]
31691,[],0,0.0,0.0,0.0,0.0,0.0,0.0,[],[],[]
31692,[],0,0.0,0.0,0.0,0.0,0.0,0.0,[],[],[]
31693,[],0,0.0,0.0,0.0,0.0,0.0,0.0,[],[],[]
31694,[],0,0.0,0.0,0.0,0.0,0.0,0.0,[],[],[]
31695,[],0,0.0,0.0,0.0,0.0,0.0,0.0,[],[],[]
31696,[],0,0.0,0.0,0.0,0.0,0.0,0.0,[],[],[]
31697,[],0,0.0,0.0,0.0,0.0,0.0,0.0,[],[],[]
31698,[],0,0.0,0.0,0.0,0.0,0.0,0.0,[],[],[]
31699,[],0,0.0,0.0,0.0,0.0,0.0,0.0,[],[],[]
31700,[],0,0.0,0.0,0.0,0.0,0.0,0.0,[],[],[]
31701,[],0,0.0,0.0,0.0,0.0,0.0,0.0,[],[],[]
31702,[],0,0.0,0.0,0.0,0.0,0.0,0.0,[],[],[]
31703,[],0,0.0,0.0,0.0,0.0,0.0,0.0,[],[],[]
31704,[],0,0.0,0.0,0.0,0.0,0.0,0.0,[],[],[]
31705,[],0,0.0,0.0,0.0,0.0,0.0,0.0,[],[],[]
31706,[],0,0.0,0.0,0.0,0.0,0.0,0.0,[],[],[]
31707,[],0,0.0,0.0,0.0,0.0,0.0,0.0,[],[],[]
31708,[],0,0.0,0.0,0.0,0.0,0.0,0.0,[],[],[]
31709,[],0,0.0,0.0,0.0,0.0,0.0,0.0,[],[],[]
31710,[],0,0.0,0.0,0.0,0.0,0.0,0.0,[],[],[]
31711,[],0,0.0,0.0,0.0,0.0,0.0,0.0,[],[],[]
31712,[],0,0.0,0.0,0.0,0.0,0.0,0.0,[],[],[]
31713,[],0,0.0,0.0,0.0,0.0,0.0,0.0,[],[],[]
31714,[],0,0.0,0.0,0.0,0.0,0.0,0.0,[],[],[]
31715,[],0,0.0,0.0,0.0,0.0,0.0,0.0,[],[],[]
31716,[],0,0.0,0.0,0.0,0.0,0.0,0.0,[],[],[]
31717,[],0,0.0,0.0,0.0,0.0,0.0,0.0,[],[],[]
31718,[],0,0.0,0.0,0.0,0.0,0.0,0.0,[],[],[]
31719,[],0,0.0,0.0,0.0,0.0,0.0,0.0,[],[],[]
31720,[],0,0.0,0.0,0.0,0.0,0.0,0.0,[],[],[]
31721,[],0,0.0,0.0,0.0,0.0,0.0,0.0,[],[],[]
31722,[],0,0.0,0.0,0.0,0.0,0.0,0.0,[],[],[]
31723,[],0,0.0,0.0,0.0,0.0,0.0,0.0,[],[],[]
31724,[],0,0.0,0.0,0.0,0.0,0.0,0.0,[],[],[]
31725,[],0,0.0,0.0,0.0,0.0,0.0,0.0,[],[],[]
31726,[],0,0.0,0.0,0.0,0.0,0.0,0.0,[],[],[]
31727,[],0,0.0,0.0,0.0,0.0,0.0,0.0,[],[],[]
31728,[],0,0.0,0.0,0.0,0.0,0.0,0.0,[],[],[]
31729,[],0,0.0,0.0,0.0,0.0,0.0,0.0,[],[],[]
31730,[],0,0.0,0.0,0.0,0.0,0.0,0.0,[],[],[]
31731,[],0,0.0,0.0,0.0,0.0,0.0,0.0,[],[],[]
31732,[],0,0.0,0.0,0.0,0.0,0.0,0.0,[],[],[]
31733,[],0,0.0,0.0,0.0,0.0,0.0,0.0,[],[],[]
31734,[],0,0.0,0.0,0.0,0.0,0.0,0.0,[],[],[]
31735,[],0,0.0,0.0,0.0,0.0,0.0,0.0,[],[],[]
31736,[],0,0.0,0.0,0.0,0.0,0.0,0.0,[],[],[]
31737,[],0,0.0,0.0,0.0,0.0,0.0,0.0,[],[],[]
31738,[],0,0.0,0.0,0.0,0.0,0.0,0.0,[],[],[]
31739,[],0,0.0,0.0,0.0,0.0,0.0,0.0,[],[],[]
31740,[],0,0.0,0.0,0.0,0.0,0.0,0.0,[],[],[]
31741,[],0,0.0,0.0,0.0,0.0,0.0,0.0,[],[],[]
31742,[],0,0.0,0.0,0.0,0.0,0.0,0.0,[],[],[]
31743,[],0,0.0,0.0,0.0,0.0,0.0,0.0,[],[],[]
31744,[],0,0.0,0.0,0.0,0.0,0.0,0.0,[],[],[]
31745,[],0,0.0,0.0,0.0,0.0,0.0,0.0,[],[],[]
31746,[],0,0.0,0.0,0.0,0.0,0.0,0.0,[],[],[]
31747,[],0,0.0,0.0,0.0,0.0,0.0,0.0,[],[],[]
31748,[],0,0.0,0.0,0.0,0.0,0.0,0.0,[],[],[]
31749,[],0,0.0,0.0,0.0,0.0,0.0,0.0,[],[],[]
31750,[],0,0.0,0.0,0.0,0.0,0.0,0.0,[],[],[]
31751,[],0,0.0,0.0,0.0,0.0,0.0,0.0,[],[],[]
31752,[],0,0.0,0.0,0.0,0.0,0.0,0.0,[],[],[]
31753,[],0,0.0,0.0,0.0,0.0,0.0,0.0,[],[],[]
31754,[],0,0.0,0.0,0.0,0.0,0.0,0.0,[],[],[]
31755,[],0,0.0,0.0,0.0,0.0,0.0,0.0,[],[],[]
31756,[],0,0.0,0.0,0.0,0.0,0.0,0.0,[],[],[]
31757,[],0,0.0,0.0,0.0,0.0,0.0,0.0,[],[],[]
31758,[],0,0.0,0.0,0.0,0.0,0.0,0.0,[],[],[]
31759,[],0,0.0,0.0,0.0,0.0,0.0,0.0,[],[],[]
31760,[],0,0.0,0.0,0.0,0.0,0.0,0.0,[],[],[]
31761,[2521],1,70.70000000000073,70.70000000000073,33.39999999999782,33.39999999999782,104.09999999999854,104.09999999999854,[70.7],[33.4],[104.1]
31762,[2521],1,70.70000000000073,70.70000000000073,33.39999999999782,33.39999999999782,104.09999999999854,104.09999999999854,[70.7],[33.4],[104.1]
31763,[2521],1,70.70000000000073,70.70000000000073,33.39999999999782,33.39999999999782,104.09999999999854,104.09999999999854,[70.7],[33.4],[104.1]
31764,[2521],1,70.70000000000073,70.70000000000073,33.39999999999782,33.39999999999782,104.09999999999854,104.09999999999854,[70.7],[33.4],[104.1]
31765,[2521],1,70.70000000000073,70.70000000000073,33.39999999999782,33.39999999999782,104.09999999999854,104.09999999999854,[70.7],[33.4],[104.1]
31766,[2521],1,70.70000000000073,70.70000000000073,33.39999999999782,33.39999999999782,104.09999999999854,104.09999999999854,[70.7],[33.4],[104.1]
31767,[2521],1,70.70000000000073,70.70000000000073,33.39999999999782,33.39999999999782,104.09999999999854,104.09999999999854,[70.7],[33.4],[104.1]
31768,[2521],1,70.70000000000073,70.70000000000073,33.39999999999782,33.39999999999782,104.09999999999854,104.09999999999854,[70.7],[33.4],[104.1]
31769,[2521],1,70.70000000000073,70.70000000000073,33.39999999999782,33.39999999999782,104.09999999999854,104.09999999999854,[70.7],[33.4],[104.1]
31770,[2521],1,70.70000000000073,70.70000000000073,33.39999999999782,33.39999999999782,104.09999999999854,104.09999999999854,[70.7],[33.4],[104.1]
31771,[2521],1,70.70000000000073,70.70000000000073,33.39999999999782,33.39999999999782,104.09999999999854,104.09999999999854,[70.7],[33.4],[104.1]
31772,[2521],1,70.70000000000073,70.70000000000073,33.39999999999782,33.39999999999782,104.09999999999854,104.09999999999854,[70.7],[33.4],[104.1]
31773,[2521],1,70.70000000000073,70.70000000000073,33.39999999999782,33.39999999999782,104.09999999999854,104.09999999999854,[70.7],[33.4],[104.1]
31774,[2521],1,70.70000000000073,70.70000000000073,33.39999999999782,33.39999999999782,104.09999999999854,104.09999999999854,[70.7],[33.4],[104.1]
31775,[2521],1,70.70000000000073,70.70000000000073,33.39999999999782,33.39999999999782,104.09999999999854,104.09999999999854,[70.7],[33.4],[104.1]
31776,[2521],1,70.70000000000073,70.70000000000073,33.39999999999782,33.39999999999782,104.09999999999854,104.09999999999854,[70.7],[33.4],[104.1]
31777,[2521],1,70.70000000000073,70.70000000000073,33.39999999999782,33.39999999999782,104.09999999999854,104.09999999999854,[70.7],[33.4],[104.1]
31778,[2521],1,70.70000000000073,70.70000000000073,33.39999999999782,33.39999999999782,104.09999999999854,104.09999999999854,[70.7],[33.4],[104.1]
31779,[2521],1,70.70000000000073,70.70000000000073,33.39999999999782,33.39999999999782,104.09999999999854,104.09999999999854,[70.7],[33.4],[104.1]
31780,[2521],1,70.70000000000073,70.70000000000073,33.39999999999782,33.39999999999782,104.09999999999854,104.09999999999854,[70.7],[33.4],[104.1]
31781,[2521],1,70.70000000000073,70.70000000000073,33.39999999999782,33.39999999999782,104.09999999999854,104.09999999999854,[70.7],[33.4],[104.1]
31782,[2521],1,70.70000000000073,70.70000000000073,33.39999999999782,33.39999999999782,104.09999999999854,104.09999999999854,[70.7],[33.4],[104.1]
31783,[2521],1,70.70000000000073,70.70000000000073,33.39999999999782,33.39999999999782,104.09999999999854,104.09999999999854,[70.7],[33.4],[104.1]
31784,[2521],1,70.70000000000073,70.70000000000073,33.39999999999782,33.39999999999782,104.09999999999854,104.09999999999854,[70.7],[33.4],[104.1]
31785,[2521],1,70.70000000000073,70.70000000000073,33.39999999999782,33.39999999999782,104.09999999999854,104.09999999999854,[70.7],[33.4],[104.1]
31786,[2521],1,70.70000000000073,70.70000000000073,33.39999999999782,33.39999999999782,104.09999999999854,104.09999999999854,[70.7],[33.4],[104.1]
31787,[2521],1,70.70000000000073,70.70000000000073,33.39999999999782,33.39999999999782,104.09999999999854,104.09999999999854,[70.7],[33.4],[104.1]
31788,[2521 2541],2,72.80000000000109,74.90000000000146,32.44999999999891,33.39999999999782,105.25,106.40000000000146,[70.7 74.9],[33.4 31.5],[104.1 106.4]
31789,[2521 2541],2,72.80000000000109,74.90000000000146,32.44999999999891,33.39999999999782,105.25,106.40000000000146,[70.7 74.9],[33.4 31.5],[104.1 106.4]
31790,[2521 2541],2,72.80000000000109,74.90000000000146,32.44999999999891,33.39999999999782,105.25,106.40000000000146,[70.7 74.9],[33.4 31.5],[104.1 106.4]
31791,[2521 2541],2,72.80000000000109,74.90000000000146,32.44999999999891,33.39999999999782,105.25,106.40000000000146,[70.7 74.9],[33.4 31.5],[104.1 106.4]
31792,[2521 2541],2,72.80000000000109,74.90000000000146,32.44999999999891,33.39999999999782,105.25,106.40000000000146,[70.7 74.9],[33.4 31.5],[104.1 106.4]
31793,[2521 2541],2,72.80000000000109,74.90000000000146,32.44999999999891,33.39999999999782,105.25,106.40000000000146,[70.7 74.9],[33.4 31.5],[104.1 106.4]
31794,[2521 2541],2,72.80000000000109,74.90000000000146,32.44999999999891,33.39999999999782,105.25,106.40000000000146,[70.7 74.9],[33.4 31.5],[104.1 106.4]
31795,[2521 2541],2,72.80000000000109,74.90000000000146,32.44999999999891,33.39999999999782,105.25,106.40000000000146,[70.7 74.9],[33.4 31.5],[104.1 106.4]
31796,[2521 2541],2,72.80000000000109,74.90000000000146,32.44999999999891,33.39999999999782,105.25,106.40000000000146,[70.7 74.9],[33.4 31.5],[104.1 106.4]
31797,[2521 2541],2,72.80000000000109,74.90000000000146,32.44999999999891,33.39999999999782,105.25,106.40000000000146,[70.7 74.9],[33.4 31.5],[104.1 106.4]
31798,[2521 2541],2,72.80000000000109,74.90000000000146,32.44999999999891,33.39999999999782,105.25,106.40000000000146,[70.7 74.9],[33.4 31.5],[104.1 106.4]
31799,[2521 2541],2,72.80000000000109,74.90000000000146,32.44999999999891,33.39999999999782,105.25,106.40000000000146,[70.7 74.9],[33.4 31.5],[104.1 106.4]
31800,[2521 2541],2,72.80000000000109,74.90000000000146,32.44999999999891,33.39999999999782,105.25,106.40000000000146,[70.7 74.9],[33.4 31.5],[104.1 106.4]
31801,[2521 2541],2,72.80000000000109,74.90000000000146,32.44999999999891,33.39999999999782,105.25,106.40000000000146,[70.7 74.9],[33.4 31.5],[104.1 106.4]
31802,[2521 2541],2,72.80000000000109,74.90000000000146,32.44999999999891,33.39999999999782,105.25,106.40000000000146,[70.7 74.9],[33.4 31.5],[104.1 106.4]
31803,[2521 2541],2,72.80000000000109,74.90000000000146,32.44999999999891,33.39999999999782,105.25,106.40000000000146,[70.7 74.9],[33.4 31.5],[104.1 106.4]
31804,[2521 2541],2,72.80000000000109,74.90000000000146,32.44999999999891,33.39999999999782,105.25,106.40000000000146,[70.7 74.9],[33.4 31.5],[104.1 106.4]
31805,[2521 2541],2,72.80000000000109,74.90000000000146,32.44999999999891,33.39999999999782,105.25,106.40000000000146,[70.7 74.9],[33.4 31.5],[104.1 106.4]
31806,[2521 2541],2,72.80000000000109,74.90000000000146,32.44999999999891,33.39999999999782,105.25,106.40000000000146,[70.7 74.9],[33.4 31.5],[104.1 106.4]
31807,[2521 2541],2,72.80000000000109,74.90000000000146,32.44999999999891,33.39999999999782,105.25,106.40000000000146,[70.7 74.9],[33.4 31.5],[104.1 106.4]
31808,[2521 2541],2,72.80000000000109,74.90000000000146,32.44999999999891,33.39999999999782,105.25,106.40000000000146,[70.7 74.9],[33.4 31.5],[104.1 106.4]
31809,[2521 2541],2,72.80000000000109,74.90000000000146,32.44999999999891,33.39999999999782,105.25,106.40000000000146,[70.7 74.9],[33.4 31.5],[104.1 106.4]
31810,[2521 2541],2,72.80000000000109,74.90000000000146,32.44999999999891,33.39999999999782,105.25,106.40000000000146,[70.7 74.9],[33.4 31.5],[104.1 106.4]
31811,[2521 2541],2,72.80000000000109,74.90000000000146,32.44999999999891,33.39999999999782,105.25,106.40000000000146,[70.7 74.9],[33.4 31.5],[104.1 106.4]
31812,[2521 2541],2,72.80000000000109,74.90000000000146,32.44999999999891,33.39999999999782,105.25,106.40000000000146,[70.7 74.9],[33.4 31.5],[104.1 106.4]
31813,[2521 2541],2,72.80000000000109,74.90000000000146,32.44999999999891,33.39999999999782,105.25,106.40000000000146,[70.7 74.9],[33.4 31.5],[104.1 106.4]
31814,[2521 2541],2,72.80000000000109,74.90000000000146,32.44999999999891,33.39999999999782,105.25,106.40000000000146,[70.7 74.9],[33.4 31.5],[104.1 106.4]
31815,[2521 2541],2,72.80000000000109,74.90000000000146,32.44999999999891,33.39999999999782,105.25,106.40000000000146,[70.7 74.9],[33.4 31.5],[104.1 106.4]
31816,[2521 2541],2,72.80000000000109,74.90000000000146,32.44999999999891,33.39999999999782,105.25,106.40000000000146,[70.7 74.9],[33.4 31.5],[104.1 106.4]
31817,[2521 2541],2,72.80000000000109,74.90000000000146,32.44999999999891,33.39999999999782,105.25,106.40000000000146,[70.7 74.9],[33.4 31.5],[104.1 106.4]
31818,[2521 2541],2,72.80000000000109,74.90000000000146,32.44999999999891,33.39999999999782,105.25,106.40000000000146,[70.7 74.9],[33.4 31.5],[104.1 106.4]
31819,[2521 2541],2,72.80000000000109,74.90000000000146,32.44999999999891,33.39999999999782,105.25,106.40000000000146,[70.7 74.9],[33.4 31.5],[104.1 106.4]
31820,[2521 2541],2,72.80000000000109,74.90000000000146,32.44999999999891,33.39999999999782,105.25,106.40000000000146,[70.7 74.9],[33.4 31.5],[104.1 106.4]
31821,[2521 2541],2,72.80000000000109,74.90000000000146,32.44999999999891,33.39999999999782,105.25,106.40000000000146,[70.7 74.9],[33.4 31.5],[104.1 106.4]
31822,[2521 2541],2,72.80000000000109,74.90000000000146,32.44999999999891,33.39999999999782,105.25,106.40000000000146,[70.7 74.9],[33.4 31.5],[104.1 106.4]
31823,[2521 2541],2,72.80000000000109,74.90000000000146,32.44999999999891,33.39999999999782,105.25,106.40000000000146,[70.7 74.9],[33.4 31.5],[104.1 106.4]
31824,[2521 2541],2,72.80000000000109,74.90000000000146,32.44999999999891,33.39999999999782,105.25,106.40000000000146,[70.7 74.9],[33.4 31.5],[104.1 106.4]
31825,[2521 2541],2,72.80000000000109,74.90000000000146,32.44999999999891,33.39999999999782,105.25,106.40000000000146,[70.7 74.9],[33.4 31.5],[104.1 106.4]
31826,[2521 2541],2,72.80000000000109,74.90000000000146,32.44999999999891,33.39999999999782,105.25,106.40000000000146,[70.7 74.9],[33.4 31.5],[104.1 106.4]
31827,[2521 2541],2,72.80000000000109,74.90000000000146,32.44999999999891,33.39999999999782,105.25,106.40000000000146,[70.7 74.9],[33.4 31.5],[104.1 106.4]
31828,[2521 2541],2,72.80000000000109,74.90000000000146,32.44999999999891,33.39999999999782,105.25,106.40000000000146,[70.7 74.9],[33.4 31.5],[104.1 106.4]
31829,[2521 2541],2,72.80000000000109,74.90000000000146,32.44999999999891,33.39999999999782,105.25,106.40000000000146,[70.7 74.9],[33.4 31.5],[104.1 106.4]
31830,[2521 2541],2,72.80000000000109,74.90000000000146,32.44999999999891,33.39999999999782,105.25,106.40000000000146,[70.7 74.9],[33.4 31.5],[104.1 106.4]
31831,[2521 2541],2,72.80000000000109,74.90000000000146,32.44999999999891,33.39999999999782,105.25,106.40000000000146,[70.7 74.9],[33.4 31.5],[104.1 106.4]
31832,[2541],1,74.90000000000146,74.90000000000146,31.5,31.5,106.40000000000146,106.40000000000146,[74.9],[31.5],[106.4]
31833,[2541],1,74.90000000000146,74.90000000000146,31.5,31.5,106.40000000000146,106.40000000000146,[74.9],[31.5],[106.4]
31834,[2541],1,74.90000000000146,74.90000000000146,31.5,31.5,106.40000000000146,106.40000000000146,[74.9],[31.5],[106.4]
31835,[2541],1,74.90000000000146,74.90000000000146,31.5,31.5,106.40000000000146,106.40000000000146,[74.9],[31.5],[106.4]
31836,[2541],1,74.90000000000146,74.90000000000146,31.5,31.5,106.40000000000146,106.40000000000146,[74.9],[31.5],[106.4]
31837,[2541],1,74.90000000000146,74.90000000000146,31.5,31.5,106.40000000000146,106.40000000000146,[74.9],[31.5],[106.4]
31838,[2541],1,74.90000000000146,74.90000000000146,31.5,31.5,106.40000000000146,106.40000000000146,[74.9],[31.5],[106.4]
31839,[2541],1,74.90000000000146,74.90000000000146,31.5,31.5,106.40000000000146,106.40000000000146,[74.9],[31.5],[106.4]
31840,[2541],1,74.90000000000146,74.90000000000146,31.5,31.5,106.40000000000146,106.40000000000146,[74.9],[31.5],[106.4]
31841,[2541],1,74.90000000000146,74.90000000000146,31.5,31.5,106.40000000000146,106.40000000000146,[74.9],[31.5],[106.4]
31842,[2541],1,74.90000000000146,74.90000000000146,31.5,31.5,106.40000000000146,106.40000000000146,[74.9],[31.5],[106.4]
31843,[2541],1,74.90000000000146,74.90000000000146,31.5,31.5,106.40000000000146,106.40000000000146,[74.9],[31.5],[106.4]
31844,[2541],1,74.90000000000146,74.90000000000146,31.5,31.5,106.40000000000146,106.40000000000146,[74.9],[31.5],[106.4]
31845,[2541],1,74.90000000000146,74.90000000000146,31.5,31.5,106.40000000000146,106.40000000000146,[74.9],[31.5],[106.4]
31846,[2541],1,74.90000000000146,74.90000000000146,31.5,31.5,106.40000000000146,106.40000000000146,[74.9],[31.5],[106.4]
31847,[2541],1,74.90000000000146,74.90000000000146,31.5,31.5,106.40000000000146,106.40000000000146,[74.9],[31.5],[106.4]
31848,[2541],1,74.90000000000146,74.90000000000146,31.5,31.5,106.40000000000146,106.40000000000146,[74.9],[31.5],[106.4]
31849,[2541],1,74.90000000000146,74.90000000000146,31.5,31.5,106.40000000000146,106.40000000000146,[74.9],[31.5],[106.4]
31850,[2541],1,74.90000000000146,74.90000000000146,31.5,31.5,106.40000000000146,106.40000000000146,[74.9],[31.5],[106.4]
31851,[2541],1,74.90000000000146,74.90000000000146,31.5,31.5,106.40000000000146,106.40000000000146,[74.9],[31.5],[106.4]
31852,[2541],1,74.90000000000146,74.90000000000146,31.5,31.5,106.40000000000146,106.40000000000146,[74.9],[31.5],[106.4]
31853,[2541],1,74.90000000000146,74.90000000000146,31.5,31.5,106.40000000000146,106.40000000000146,[74.9],[31.5],[106.4]
31854,[2541],1,74.90000000000146,74.90000000000146,31.5,31.5,106.40000000000146,106.40000000000146,[74.9],[31.5],[106.4]
31855,[2541],1,74.90000000000146,74.90000000000146,31.5,31.5,106.40000000000146,106.40000000000146,[74.9],[31.5],[106.4]
31856,[2541],1,74.90000000000146,74.90000000000146,31.5,31.5,106.40000000000146,106.40000000000146,[74.9],[31.5],[106.4]
31857,[2541],1,74.90000000000146,74.90000000000146,31.5,31.5,106.40000000000146,106.40000000000146,[74.9],[31.5],[106.4]
31858,[2541],1,74.90000000000146,74.90000000000146,31.5,31.5,106.40000000000146,106.40000000000146,[74.9],[31.5],[106.4]
31859,[2541],1,74.90000000000146,74.90000000000146,31.5,31.5,106.40000000000146,106.40000000000146,[74.9],[31.5],[106.4]
31860,[2541],1,74.90000000000146,74.90000000000146,31.5,31.5,106.40000000000146,106.40000000000146,[74.9],[31.5],[106.4]
31861,[2541],1,74.90000000000146,74.90000000000146,31.5,31.5,106.40000000000146,106.40000000000146,[74.9],[31.5],[106.4]
31862,[2541],1,74.90000000000146,74.90000000000146,31.5,31.5,106.40000000000146,106.40000000000146,[74.9],[31.5],[106.4]
31863,[],0,0.0,0.0,0.0,0.0,0.0,0.0,[],[],[]
31864,[],0,0.0,0.0,0.0,0.0,0.0,0.0,[],[],[]
31865,[],0,0.0,0.0,0.0,0.0,0.0,0.0,[],[],[]
31866,[],0,0.0,0.0,0.0,0.0,0.0,0.0,[],[],[]
31867,[],0,0.0,0.0,0.0,0.0,0.0,0.0,[],[],[]
31868,[],0,0.0,0.0,0.0,0.0,0.0,0.0,[],[],[]
31869,[],0,0.0,0.0,0.0,0.0,0.0,0.0,[],[],[]
31870,[],0,0.0,0.0,0.0,0.0,0.0,0.0,[],[],[]
31871,[],0,0.0,0.0,0.0,0.0,0.0,0.0,[],[],[]
31872,[],0,0.0,0.0,0.0,0.0,0.0,0.0,[],[],[]
31873,[],0,0.0,0.0,0.0,0.0,0.0,0.0,[],[],[]
31874,[],0,0.0,0.0,0.0,0.0,0.0,0.0,[],[],[]
31875,[],0,0.0,0.0,0.0,0.0,0.0,0.0,[],[],[]
31876,[],0,0.0,0.0,0.0,0.0,0.0,0.0,[],[],[]
31877,[],0,0.0,0.0,0.0,0.0,0.0,0.0,[],[],[]
31878,[],0,0.0,0.0,0.0,0.0,0.0,0.0,[],[],[]
31879,[],0,0.0,0.0,0.0,0.0,0.0,0.0,[],[],[]
31880,[],0,0.0,0.0,0.0,0.0,0.0,0.0,[],[],[]
31881,[],0,0.0,0.0,0.0,0.0,0.0,0.0,[],[],[]
31882,[],0,0.0,0.0,0.0,0.0,0.0,0.0,[],[],[]
31883,[],0,0.0,0.0,0.0,0.0,0.0,0.0,[],[],[]
31884,[],0,0.0,0.0,0.0,0.0,0.0,0.0,[],[],[]
31885,[],0,0.0,0.0,0.0,0.0,0.0,0.0,[],[],[]
31886,[],0,0.0,0.0,0.0,0.0,0.0,0.0,[],[],[]
31887,[],0,0.0,0.0,0.0,0.0,0.0,0.0,[],[],[]
31888,[],0,0.0,0.0,0.0,0.0,0.0,0.0,[],[],[]
31889,[],0,0.0,0.0,0.0,0.0,0.0,0.0,[],[],[]
31890,[],0,0.0,0.0,0.0,0.0,0.0,0.0,[],[],[]
31891,[],0,0.0,0.0,0.0,0.0,0.0,0.0,[],[],[]
31892,[],0,0.0,0.0,0.0,0.0,0.0,0.0,[],[],[]
31893,[],0,0.0,0.0,0.0,0.0,0.0,0.0,[],[],[]
31894,[],0,0.0,0.0,0.0,0.0,0.0,0.0,[],[],[]
31895,[],0,0.0,0.0,0.0,0.0,0.0,0.0,[],[],[]
31896,[],0,0.0,0.0,0.0,0.0,0.0,0.0,[],[],[]
31897,[],0,0.0,0.0,0.0,0.0,0.0,0.0,[],[],[]
31898,[],0,0.0,0.0,0.0,0.0,0.0,0.0,[],[],[]
31899,[],0,0.0,0.0,0.0,0.0,0.0,0.0,[],[],[]
31900,[],0,0.0,0.0,0.0,0.0,0.0,0.0,[],[],[]
31901,[],0,0.0,0.0,0.0,0.0,0.0,0.0,[],[],[]
31902,[],0,0.0,0.0,0.0,0.0,0.0,0.0,[],[],[]
31903,[],0,0.0,0.0,0.0,0.0,0.0,0.0,[],[],[]
31904,[],0,0.0,0.0,0.0,0.0,0.0,0.0,[],[],[]
31905,[2636],1,88.5,88.5,49.37818200000038,49.37818200000038,137.87818200000038,137.87818200000038,[88.5],[49.378182],[137.878182]
31906,[2636],1,88.5,88.5,49.37818200000038,49.37818200000038,137.87818200000038,137.87818200000038,[88.5],[49.378182],[137.878182]
31907,[2636],1,88.5,88.5,49.37818200000038,49.37818200000038,137.87818200000038,137.87818200000038,[88.5],[49.378182],[137.878182]
31908,[2636],1,88.5,88.5,49.37818200000038,49.37818200000038,137.87818200000038,137.87818200000038,[88.5],[49.378182],[137.878182]
31909,[2636],1,88.5,88.5,49.37818200000038,49.37818200000038,137.87818200000038,137.87818200000038,[88.5],[49.378182],[137.878182]
31910,[2636],1,88.5,88.5,49.37818200000038,49.37818200000038,137.87818200000038,137.87818200000038,[88.5],[49.378182],[137.878182]
31911,[2636],1,88.5,88.5,49.37818200000038,49.37818200000038,137.87818200000038,137.87818200000038,[88.5],[49.378182],[137.878182]
31912,[2636],1,88.5,88.5,49.37818200000038,49.37818200000038,137.87818200000038,137.87818200000038,[88.5],[49.378182],[137.878182]
31913,[2636],1,88.5,88.5,49.37818200000038,49.37818200000038,137.87818200000038,137.87818200000038,[88.5],[49.378182],[137.878182]
31914,[2636],1,88.5,88.5,49.37818200000038,49.37818200000038,137.87818200000038,137.87818200000038,[88.5],[49.378182],[137.878182]
31915,[2636],1,88.5,88.5,49.37818200000038,49.37818200000038,137.87818200000038,137.87818200000038,[88.5],[49.378182],[137.878182]
31916,[2636],1,88.5,88.5,49.37818200000038,49.37818200000038,137.87818200000038,137.87818200000038,[88.5],[49.378182],[137.878182]
31917,[2636],1,88.5,88.5,49.37818200000038,49.37818200000038,137.87818200000038,137.87818200000038,[88.5],[49.378182],[137.878182]
31918,[2636],1,88.5,88.5,49.37818200000038,49.37818200000038,137.87818200000038,137.87818200000038,[88.5],[49.378182],[137.878182]
31919,[2636],1,88.5,88.5,49.37818200000038,49.37818200000038,137.87818200000038,137.87818200000038,[88.5],[49.378182],[137.878182]
31920,[2636],1,88.5,88.5,49.37818200000038,49.37818200000038,137.87818200000038,137.87818200000038,[88.5],[49.378182],[137.878182]
31921,[2636],1,88.5,88.5,49.37818200000038,49.37818200000038,137.87818200000038,137.87818200000038,[88.5],[49.378182],[137.878182]
31922,[2636],1,88.5,88.5,49.37818200000038,49.37818200000038,137.87818200000038,137.87818200000038,[88.5],[49.378182],[137.878182]
31923,[2636],1,88.5,88.5,49.37818200000038,49.37818200000038,137.87818200000038,137.87818200000038,[88.5],[49.378182],[137.878182]
31924,[2636 2653],2,79.0,88.5,58.68909100000019,68.0,137.6890910000002,137.87818200000038,[88.5 69.5],[49.378182 68.      ],[137.878182 137.5     ]
31925,[2636 2653],2,79.0,88.5,58.68909100000019,68.0,137.6890910000002,137.87818200000038,[88.5 69.5],[49.378182 68.      ],[137.878182 137.5     ]
31926,[2636 2653],2,79.0,88.5,58.68909100000019,68.0,137.6890910000002,137.87818200000038,[88.5 69.5],[49.378182 68.      ],[137.878182 137.5     ]
31927,[2636 2653],2,79.0,88.5,58.68909100000019,68.0,137.6890910000002,137.87818200000038,[88.5 69.5],[49.378182 68.      ],[137.878182 137.5     ]
31928,[2636 2653],2,79.0,88.5,58.68909100000019,68.0,137.6890910000002,137.87818200000038,[88.5 69.5],[49.378182 68.      ],[137.878182 137.5     ]
31929,[2636 2653],2,79.0,88.5,58.68909100000019,68.0,137.6890910000002,137.87818200000038,[88.5 69.5],[49.378182 68.      ],[137.878182 137.5     ]
31930,[2636 2653],2,79.0,88.5,58.68909100000019,68.0,137.6890910000002,137.87818200000038,[88.5 69.5],[49.378182 68.      ],[137.878182 137.5     ]
31931,[2636 2653],2,79.0,88.5,58.68909100000019,68.0,137.6890910000002,137.87818200000038,[88.5 69.5],[49.378182 68.      ],[137.878182 137.5     ]
31932,[2636 2653],2,79.0,88.5,58.68909100000019,68.0,137.6890910000002,137.87818200000038,[88.5 69.5],[49.378182 68.      ],[137.878182 137.5     ]
31933,[2636 2653],2,79.0,88.5,58.68909100000019,68.0,137.6890910000002,137.87818200000038,[88.5 69.5],[49.378182 68.      ],[137.878182 137.5     ]
31934,[2636 2653],2,79.0,88.5,58.68909100000019,68.0,137.6890910000002,137.87818200000038,[88.5 69.5],[49.378182 68.      ],[137.878182 137.5     ]
31935,[2636 2653],2,79.0,88.5,58.68909100000019,68.0,137.6890910000002,137.87818200000038,[88.5 69.5],[49.378182 68.      ],[137.878182 137.5     ]
31936,[2636 2653],2,79.0,88.5,58.68909100000019,68.0,137.6890910000002,137.87818200000038,[88.5 69.5],[49.378182 68.      ],[137.878182 137.5     ]
31937,[2636 2653],2,79.0,88.5,58.68909100000019,68.0,137.6890910000002,137.87818200000038,[88.5 69.5],[49.378182 68.      ],[137.878182 137.5     ]
31938,[2636 2653],2,79.0,88.5,58.68909100000019,68.0,137.6890910000002,137.87818200000038,[88.5 69.5],[49.378182 68.      ],[137.878182 137.5     ]
31939,[2636 2653 2666],3,70.83333333333333,88.5,49.39272733333322,68.0,120.22606066666656,137.87818200000038,[88.5 69.5 54.5],[49.378182 68.       30.8     ],[137.878182 137.5       85.3     ]
31940,[2636 2653 2666],3,70.83333333333333,88.5,49.39272733333322,68.0,120.22606066666656,137.87818200000038,[88.5 69.5 54.5],[49.378182 68.       30.8     ],[137.878182 137.5       85.3     ]
31941,[2636 2653 2666],3,70.83333333333333,88.5,49.39272733333322,68.0,120.22606066666656,137.87818200000038,[88.5 69.5 54.5],[49.378182 68.       30.8     ],[137.878182 137.5       85.3     ]
31942,[2636 2653 2666],3,70.83333333333333,88.5,49.39272733333322,68.0,120.22606066666656,137.87818200000038,[88.5 69.5 54.5],[49.378182 68.       30.8     ],[137.878182 137.5       85.3     ]
31943,[2636 2653 2666],3,70.83333333333333,88.5,49.39272733333322,68.0,120.22606066666656,137.87818200000038,[88.5 69.5 54.5],[49.378182 68.       30.8     ],[137.878182 137.5       85.3     ]
31944,[2636 2653 2666],3,70.83333333333333,88.5,49.39272733333322,68.0,120.22606066666656,137.87818200000038,[88.5 69.5 54.5],[49.378182 68.       30.8     ],[137.878182 137.5       85.3     ]
31945,[2636 2653 2666],3,70.83333333333333,88.5,49.39272733333322,68.0,120.22606066666656,137.87818200000038,[88.5 69.5 54.5],[49.378182 68.       30.8     ],[137.878182 137.5       85.3     ]
31946,[2636 2653 2666],3,70.83333333333333,88.5,49.39272733333322,68.0,120.22606066666656,137.87818200000038,[88.5 69.5 54.5],[49.378182 68.       30.8     ],[137.878182 137.5       85.3     ]
31947,[2636 2653 2666],3,70.83333333333333,88.5,49.39272733333322,68.0,120.22606066666656,137.87818200000038,[88.5 69.5 54.5],[49.378182 68.       30.8     ],[137.878182 137.5       85.3     ]
31948,[2636 2653 2666],3,70.83333333333333,88.5,49.39272733333322,68.0,120.22606066666656,137.87818200000038,[88.5 69.5 54.5],[49.378182 68.       30.8     ],[137.878182 137.5       85.3     ]
31949,[2636 2653 2666],3,70.83333333333333,88.5,49.39272733333322,68.0,120.22606066666656,137.87818200000038,[88.5 69.5 54.5],[49.378182 68.       30.8     ],[137.878182 137.5       85.3     ]
31950,[2636 2653 2666],3,70.83333333333333,88.5,49.39272733333322,68.0,120.22606066666656,137.87818200000038,[88.5 69.5 54.5],[49.378182 68.       30.8     ],[137.878182 137.5       85.3     ]
31951,[2636 2653 2666],3,70.83333333333333,88.5,49.39272733333322,68.0,120.22606066666656,137.87818200000038,[88.5 69.5 54.5],[49.378182 68.       30.8     ],[137.878182 137.5       85.3     ]
31952,[2636 2653 2666],3,70.83333333333333,88.5,49.39272733333322,68.0,120.22606066666656,137.87818200000038,[88.5 69.5 54.5],[49.378182 68.       30.8     ],[137.878182 137.5       85.3     ]
31953,[2636 2653 2666],3,70.83333333333333,88.5,49.39272733333322,68.0,120.22606066666656,137.87818200000038,[88.5 69.5 54.5],[49.378182 68.       30.8     ],[137.878182 137.5       85.3     ]
31954,[2636 2653 2666],3,70.83333333333333,88.5,49.39272733333322,68.0,120.22606066666656,137.87818200000038,[88.5 69.5 54.5],[49.378182 68.       30.8     ],[137.878182 137.5       85.3     ]
31955,[2636 2653 2666],3,70.83333333333333,88.5,49.39272733333322,68.0,120.22606066666656,137.87818200000038,[88.5 69.5 54.5],[49.378182 68.       30.8     ],[137.878182 137.5       85.3     ]
31956,[2636 2653 2666],3,70.83333333333333,88.5,49.39272733333322,68.0,120.22606066666656,137.87818200000038,[88.5 69.5 54.5],[49.378182 68.       30.8     ],[137.878182 137.5       85.3     ]
31957,[2636 2653 2666],3,70.83333333333333,88.5,49.39272733333322,68.0,120.22606066666656,137.87818200000038,[88.5 69.5 54.5],[49.378182 68.       30.8     ],[137.878182 137.5       85.3     ]
31958,[2636 2653 2666],3,70.83333333333333,88.5,49.39272733333322,68.0,120.22606066666656,137.87818200000038,[88.5 69.5 54.5],[49.378182 68.       30.8     ],[137.878182 137.5       85.3     ]
31959,[2636 2653 2666],3,70.83333333333333,88.5,49.39272733333322,68.0,120.22606066666656,137.87818200000038,[88.5 69.5 54.5],[49.378182 68.       30.8     ],[137.878182 137.5       85.3     ]
31960,[2636 2653 2666],3,70.83333333333333,88.5,49.39272733333322,68.0,120.22606066666656,137.87818200000038,[88.5 69.5 54.5],[49.378182 68.       30.8     ],[137.878182 137.5       85.3     ]
31961,[2636 2653 2666],3,70.83333333333333,88.5,49.39272733333322,68.0,120.22606066666656,137.87818200000038,[88.5 69.5 54.5],[49.378182 68.       30.8     ],[137.878182 137.5       85.3     ]
31962,[2636 2653 2666],3,70.83333333333333,88.5,49.39272733333322,68.0,120.22606066666656,137.87818200000038,[88.5 69.5 54.5],[49.378182 68.       30.8     ],[137.878182 137.5       85.3     ]
31963,[2636 2653 2666],3,70.83333333333333,88.5,49.39272733333322,68.0,120.22606066666656,137.87818200000038,[88.5 69.5 54.5],[49.378182 68.       30.8     ],[137.878182 137.5       85.3     ]
31964,[2636 2653 2666],3,70.83333333333333,88.5,49.39272733333322,68.0,120.22606066666656,137.87818200000038,[88.5 69.5 54.5],[49.378182 68.       30.8     ],[137.878182 137.5       85.3     ]
31965,[2636 2653 2666],3,70.83333333333333,88.5,49.39272733333322,68.0,120.22606066666656,137.87818200000038,[88.5 69.5 54.5],[49.378182 68.       30.8     ],[137.878182 137.5       85.3     ]
31966,[2636 2653 2666],3,70.83333333333333,88.5,49.39272733333322,68.0,120.22606066666656,137.87818200000038,[88.5 69.5 54.5],[49.378182 68.       30.8     ],[137.878182 137.5       85.3     ]
31967,[2636 2653 2666],3,70.83333333333333,88.5,49.39272733333322,68.0,120.22606066666656,137.87818200000038,[88.5 69.5 54.5],[49.378182 68.       30.8     ],[137.878182 137.5       85.3     ]
31968,[2636 2653 2666],3,70.83333333333333,88.5,49.39272733333322,68.0,120.22606066666656,137.87818200000038,[88.5 69.5 54.5],[49.378182 68.       30.8     ],[137.878182 137.5       85.3     ]
31969,[2636 2653 2666],3,70.83333333333333,88.5,49.39272733333322,68.0,120.22606066666656,137.87818200000038,[88.5 69.5 54.5],[49.378182 68.       30.8     ],[137.878182 137.5       85.3     ]
31970,[2636 2653 2666],3,70.83333333333333,88.5,49.39272733333322,68.0,120.22606066666656,137.87818200000038,[88.5 69.5 54.5],[49.378182 68.       30.8     ],[137.878182 137.5       85.3     ]
31971,[2636 2653 2666],3,70.83333333333333,88.5,49.39272733333322,68.0,120.22606066666656,137.87818200000038,[88.5 69.5 54.5],[49.378182 68.       30.8     ],[137.878182 137.5       85.3     ]
31972,[2636 2653 2666],3,70.83333333333333,88.5,49.39272733333322,68.0,120.22606066666656,137.87818200000038,[88.5 69.5 54.5],[49.378182 68.       30.8     ],[137.878182 137.5       85.3     ]
31973,[2636 2653 2666],3,70.83333333333333,88.5,49.39272733333322,68.0,120.22606066666656,137.87818200000038,[88.5 69.5 54.5],[49.378182 68.       30.8     ],[137.878182 137.5       85.3     ]
31974,[2636 2653 2666],3,70.83333333333333,88.5,49.39272733333322,68.0,120.22606066666656,137.87818200000038,[88.5 69.5 54.5],[49.378182 68.       30.8     ],[137.878182 137.5       85.3     ]
31975,[2636 2653 2666],3,70.83333333333333,88.5,49.39272733333322,68.0,120.22606066666656,137.87818200000038,[88.5 69.5 54.5],[49.378182 68.       30.8     ],[137.878182 137.5       85.3     ]
31976,[2636 2653 2666],3,70.83333333333333,88.5,49.39272733333322,68.0,120.22606066666656,137.87818200000038,[88.5 69.5 54.5],[49.378182 68.       30.8     ],[137.878182 137.5       85.3     ]
31977,[2636 2653 2666],3,70.83333333333333,88.5,49.39272733333322,68.0,120.22606066666656,137.87818200000038,[88.5 69.5 54.5],[49.378182 68.       30.8     ],[137.878182 137.5       85.3     ]
31978,[2636 2653 2666],3,70.83333333333333,88.5,49.39272733333322,68.0,120.22606066666656,137.87818200000038,[88.5 69.5 54.5],[49.378182 68.       30.8     ],[137.878182 137.5       85.3     ]
31979,[2636 2653 2666],3,70.83333333333333,88.5,49.39272733333322,68.0,120.22606066666656,137.87818200000038,[88.5 69.5 54.5],[49.378182 68.       30.8     ],[137.878182 137.5       85.3     ]
31980,[2636 2653 2666],3,70.83333333333333,88.5,49.39272733333322,68.0,120.22606066666656,137.87818200000038,[88.5 69.5 54.5],[49.378182 68.       30.8     ],[137.878182 137.5       85.3     ]
31981,[2636 2653 2666],3,70.83333333333333,88.5,49.39272733333322,68.0,120.22606066666656,137.87818200000038,[88.5 69.5 54.5],[49.378182 68.       30.8     ],[137.878182 137.5       85.3     ]
31982,[2636 2653 2666],3,70.83333333333333,88.5,49.39272733333322,68.0,120.22606066666656,137.87818200000038,[88.5 69.5 54.5],[49.378182 68.       30.8     ],[137.878182 137.5       85.3     ]
31983,[2636 2653 2666],3,70.83333333333333,88.5,49.39272733333322,68.0,120.22606066666656,137.87818200000038,[88.5 69.5 54.5],[49.378182 68.       30.8     ],[137.878182 137.5       85.3     ]
31984,[2636 2653 2666],3,70.83333333333333,88.5,49.39272733333322,68.0,120.22606066666656,137.87818200000038,[88.5 69.5 54.5],[49.378182 68.       30.8     ],[137.878182 137.5       85.3     ]
31985,[2636 2653 2666],3,70.83333333333333,88.5,49.39272733333322,68.0,120.22606066666656,137.87818200000038,[88.5 69.5 54.5],[49.378182 68.       30.8     ],[137.878182 137.5       85.3     ]
31986,[2636 2653 2666],3,70.83333333333333,88.5,49.39272733333322,68.0,120.22606066666656,137.87818200000038,[88.5 69.5 54.5],[49.378182 68.       30.8     ],[137.878182 137.5       85.3     ]
31987,[2636 2653 2666],3,70.83333333333333,88.5,49.39272733333322,68.0,120.22606066666656,137.87818200000038,[88.5 69.5 54.5],[49.378182 68.       30.8     ],[137.878182 137.5       85.3     ]
31988,[2636 2653 2666],3,70.83333333333333,88.5,49.39272733333322,68.0,120.22606066666656,137.87818200000038,[88.5 69.5 54.5],[49.378182 68.       30.8     ],[137.878182 137.5       85.3     ]
31989,[2636 2653 2666],3,70.83333333333333,88.5,49.39272733333322,68.0,120.22606066666656,137.87818200000038,[88.5 69.5 54.5],[49.378182 68.       30.8     ],[137.878182 137.5       85.3     ]
31990,[2636 2653 2666],3,70.83333333333333,88.5,49.39272733333322,68.0,120.22606066666656,137.87818200000038,[88.5 69.5 54.5],[49.378182 68.       30.8     ],[137.878182 137.5       85.3     ]
31991,[2636 2653 2666],3,70.83333333333333,88.5,49.39272733333322,68.0,120.22606066666656,137.87818200000038,[88.5 69.5 54.5],[49.378182 68.       30.8     ],[137.878182 137.5       85.3     ]
31992,[2636 2653 2666],3,70.83333333333333,88.5,49.39272733333322,68.0,120.22606066666656,137.87818200000038,[88.5 69.5 54.5],[49.378182 68.       30.8     ],[137.878182 137.5       85.3     ]
31993,[2636 2653 2666],3,70.83333333333333,88.5,49.39272733333322,68.0,120.22606066666656,137.87818200000038,[88.5 69.5 54.5],[49.378182 68.       30.8     ],[137.878182 137.5       85.3     ]
31994,[],0,0.0,0.0,0.0,0.0,0.0,0.0,[],[],[]
31995,[],0,0.0,0.0,0.0,0.0,0.0,0.0,[],[],[]
31996,[],0,0.0,0.0,0.0,0.0,0.0,0.0,[],[],[]
31997,[],0,0.0,0.0,0.0,0.0,0.0,0.0,[],[],[]
31998,[],0,0.0,0.0,0.0,0.0,0.0,0.0,[],[],[]
31999,[],0,0.0,0.0,0.0,0.0,0.0,0.0,[],[],[]
32000,[],0,0.0,0.0,0.0,0.0,0.0,0.0,[],[],[]
32001,[],0,0.0,0.0,0.0,0.0,0.0,0.0,[],[],[]
32002,[],0,0.0,0.0,0.0,0.0,0.0,0.0,[],[],[]
32003,[],0,0.0,0.0,0.0,0.0,0.0,0.0,[],[],[]
32004,[],0,0.0,0.0,0.0,0.0,0.0,0.0,[],[],[]
32005,[],0,0.0,0.0,0.0,0.0,0.0,0.0,[],[],[]
32006,[],0,0.0,0.0,0.0,0.0,0.0,0.0,[],[],[]
32007,[],0,0.0,0.0,0.0,0.0,0.0,0.0,[],[],[]
32008,[],0,0.0,0.0,0.0,0.0,0.0,0.0,[],[],[]
32009,[],0,0.0,0.0,0.0,0.0,0.0,0.0,[],[],[]
32010,[],0,0.0,0.0,0.0,0.0,0.0,0.0,[],[],[]
32011,[],0,0.0,0.0,0.0,0.0,0.0,0.0,[],[],[]
32012,[],0,0.0,0.0,0.0,0.0,0.0,0.0,[],[],[]
32013,[],0,0.0,0.0,0.0,0.0,0.0,0.0,[],[],[]
32014,[],0,0.0,0.0,0.0,0.0,0.0,0.0,[],[],[]
32015,[],0,0.0,0.0,0.0,0.0,0.0,0.0,[],[],[]
32016,[],0,0.0,0.0,0.0,0.0,0.0,0.0,[],[],[]
32017,[],0,0.0,0.0,0.0,0.0,0.0,0.0,[],[],[]
32018,[],0,0.0,0.0,0.0,0.0,0.0,0.0,[],[],[]
32019,[],0,0.0,0.0,0.0,0.0,0.0,0.0,[],[],[]
32020,[],0,0.0,0.0,0.0,0.0,0.0,0.0,[],[],[]
32021,[],0,0.0,0.0,0.0,0.0,0.0,0.0,[],[],[]
32022,[],0,0.0,0.0,0.0,0.0,0.0,0.0,[],[],[]
32023,[2729],1,31.900000000001455,31.900000000001455,67.29999999999927,67.29999999999927,99.20000000000073,99.20000000000073,[31.9],[67.3],[99.2]
32024,[2729],1,31.900000000001455,31.900000000001455,67.29999999999927,67.29999999999927,99.20000000000073,99.20000000000073,[31.9],[67.3],[99.2]
32025,[2729],1,31.900000000001455,31.900000000001455,67.29999999999927,67.29999999999927,99.20000000000073,99.20000000000073,[31.9],[67.3],[99.2]
32026,[2729],1,31.900000000001455,31.900000000001455,67.29999999999927,67.29999999999927,99.20000000000073,99.20000000000073,[31.9],[67.3],[99.2]
32027,[2729],1,31.900000000001455,31.900000000001455,67.29999999999927,67.29999999999927,99.20000000000073,99.20000000000073,[31.9],[67.3],[99.2]
32028,[2729],1,31.900000000001455,31.900000000001455,67.29999999999927,67.29999999999927,99.20000000000073,99.20000000000073,[31.9],[67.3],[99.2]
32029,[2729],1,31.900000000001455,31.900000000001455,67.29999999999927,67.29999999999927,99.20000000000073,99.20000000000073,[31.9],[67.3],[99.2]
32030,[2729],1,31.900000000001455,31.900000000001455,67.29999999999927,67.29999999999927,99.20000000000073,99.20000000000073,[31.9],[67.3],[99.2]
32031,[2729],1,31.900000000001455,31.900000000001455,67.29999999999927,67.29999999999927,99.20000000000073,99.20000000000073,[31.9],[67.3],[99.2]
32032,[2729],1,31.900000000001455,31.900000000001455,67.29999999999927,67.29999999999927,99.20000000000073,99.20000000000073,[31.9],[67.3],[99.2]
32033,[2729],1,31.900000000001455,31.900000000001455,67.29999999999927,67.29999999999927,99.20000000000073,99.20000000000073,[31.9],[67.3],[99.2]
32034,[2729],1,31.900000000001455,31.900000000001455,67.29999999999927,67.29999999999927,99.20000000000073,99.20000000000073,[31.9],[67.3],[99.2]
32035,[2729],1,31.900000000001455,31.900000000001455,67.29999999999927,67.29999999999927,99.20000000000073,99.20000000000073,[31.9],[67.3],[99.2]
32036,[2729],1,31.900000000001455,31.900000000001455,67.29999999999927,67.29999999999927,99.20000000000073,99.20000000000073,[31.9],[67.3],[99.2]
32037,[2729],1,31.900000000001455,31.900000000001455,67.29999999999927,67.29999999999927,99.20000000000073,99.20000000000073,[31.9],[67.3],[99.2]
32038,[2729],1,31.900000000001455,31.900000000001455,67.29999999999927,67.29999999999927,99.20000000000073,99.20000000000073,[31.9],[67.3],[99.2]
32039,[2729],1,31.900000000001455,31.900000000001455,67.29999999999927,67.29999999999927,99.20000000000073,99.20000000000073,[31.9],[67.3],[99.2]
32040,[2729],1,31.900000000001455,31.900000000001455,67.29999999999927,67.29999999999927,99.20000000000073,99.20000000000073,[31.9],[67.3],[99.2]
32041,[2729],1,31.900000000001455,31.900000000001455,67.29999999999927,67.29999999999927,99.20000000000073,99.20000000000073,[31.9],[67.3],[99.2]
32042,[2729],1,31.900000000001455,31.900000000001455,67.29999999999927,67.29999999999927,99.20000000000073,99.20000000000073,[31.9],[67.3],[99.2]
32043,[2729],1,31.900000000001455,31.900000000001455,67.29999999999927,67.29999999999927,99.20000000000073,99.20000000000073,[31.9],[67.3],[99.2]
32044,[2729],1,31.900000000001455,31.900000000001455,67.29999999999927,67.29999999999927,99.20000000000073,99.20000000000073,[31.9],[67.3],[99.2]
32045,[2729],1,31.900000000001455,31.900000000001455,67.29999999999927,67.29999999999927,99.20000000000073,99.20000000000073,[31.9],[67.3],[99.2]
32046,[2729],1,31.900000000001455,31.900000000001455,67.29999999999927,67.29999999999927,99.20000000000073,99.20000000000073,[31.9],[67.3],[99.2]
32047,[2729],1,31.900000000001455,31.900000000001455,67.29999999999927,67.29999999999927,99.20000000000073,99.20000000000073,[31.9],[67.3],[99.2]
32048,[2729],1,31.900000000001455,31.900000000001455,67.29999999999927,67.29999999999927,99.20000000000073,99.20000000000073,[31.9],[67.3],[99.2]
32049,[2729],1,31.900000000001455,31.900000000001455,67.29999999999927,67.29999999999927,99.20000000000073,99.20000000000073,[31.9],[67.3],[99.2]
32050,[2729],1,31.900000000001455,31.900000000001455,67.29999999999927,67.29999999999927,99.20000000000073,99.20000000000073,[31.9],[67.3],[99.2]
32051,[2729],1,31.900000000001455,31.900000000001455,67.29999999999927,67.29999999999927,99.20000000000073,99.20000000000073,[31.9],[67.3],[99.2]
32052,[2729],1,31.900000000001455,31.900000000001455,67.29999999999927,67.29999999999927,99.20000000000073,99.20000000000073,[31.9],[67.3],[99.2]
32053,[2729],1,31.900000000001455,31.900000000001455,67.29999999999927,67.29999999999927,99.20000000000073,99.20000000000073,[31.9],[67.3],[99.2]
32054,[2729],1,31.900000000001455,31.900000000001455,67.29999999999927,67.29999999999927,99.20000000000073,99.20000000000073,[31.9],[67.3],[99.2]
32055,[],0,0.0,0.0,0.0,0.0,0.0,0.0,[],[],[]
32056,[],0,0.0,0.0,0.0,0.0,0.0,0.0,[],[],[]
32057,[],0,0.0,0.0,0.0,0.0,0.0,0.0,[],[],[]
32058,[],0,0.0,0.0,0.0,0.0,0.0,0.0,[],[],[]
32059,[],0,0.0,0.0,0.0,0.0,0.0,0.0,[],[],[]
32060,[],0,0.0,0.0,0.0,0.0,0.0,0.0,[],[],[]
32061,[],0,0.0,0.0,0.0,0.0,0.0,0.0,[],[],[]
32062,[],0,0.0,0.0,0.0,0.0,0.0,0.0,[],[],[]
32063,[],0,0.0,0.0,0.0,0.0,0.0,0.0,[],[],[]
32064,[],0,0.0,0.0,0.0,0.0,0.0,0.0,[],[],[]
32065,[],0,0.0,0.0,0.0,0.0,0.0,0.0,[],[],[]
32066,[],0,0.0,0.0,0.0,0.0,0.0,0.0,[],[],[]
32067,[],0,0.0,0.0,0.0,0.0,0.0,0.0,[],[],[]
32068,[],0,0.0,0.0,0.0,0.0,0.0,0.0,[],[],[]
32069,[],0,0.0,0.0,0.0,0.0,0.0,0.0,[],[],[]
32070,[],0,0.0,0.0,0.0,0.0,0.0,0.0,[],[],[]
32071,[],0,0.0,0.0,0.0,0.0,0.0,0.0,[],[],[]
32072,[],0,0.0,0.0,0.0,0.0,0.0,0.0,[],[],[]
32073,[],0,0.0,0.0,0.0,0.0,0.0,0.0,[],[],[]
32074,[],0,0.0,0.0,0.0,0.0,0.0,0.0,[],[],[]
32075,[],0,0.0,0.0,0.0,0.0,0.0,0.0,[],[],[]
32076,[],0,0.0,0.0,0.0,0.0,0.0,0.0,[],[],[]
32077,[],0,0.0,0.0,0.0,0.0,0.0,0.0,[],[],[]
32078,[],0,0.0,0.0,0.0,0.0,0.0,0.0,[],[],[]
32079,[],0,0.0,0.0,0.0,0.0,0.0,0.0,[],[],[]
32080,[],0,0.0,0.0,0.0,0.0,0.0,0.0,[],[],[]
32081,[],0,0.0,0.0,0.0,0.0,0.0,0.0,[],[],[]
32082,[],0,0.0,0.0,0.0,0.0,0.0,0.0,[],[],[]
32083,[],0,0.0,0.0,0.0,0.0,0.0,0.0,[],[],[]
32084,[],0,0.0,0.0,0.0,0.0,0.0,0.0,[],[],[]
32085,[],0,0.0,0.0,0.0,0.0,0.0,0.0,[],[],[]
32086,[],0,0.0,0.0,0.0,0.0,0.0,0.0,[],[],[]
32087,[],0,0.0,0.0,0.0,0.0,0.0,0.0,[],[],[]
32088,[],0,0.0,0.0,0.0,0.0,0.0,0.0,[],[],[]
32089,[],0,0.0,0.0,0.0,0.0,0.0,0.0,[],[],[]
32090,[],0,0.0,0.0,0.0,0.0,0.0,0.0,[],[],[]
32091,[],0,0.0,0.0,0.0,0.0,0.0,0.0,[],[],[]
32092,[],0,0.0,0.0,0.0,0.0,0.0,0.0,[],[],[]
32093,[],0,0.0,0.0,0.0,0.0,0.0,0.0,[],[],[]
32094,[],0,0.0,0.0,0.0,0.0,0.0,0.0,[],[],[]
32095,[],0,0.0,0.0,0.0,0.0,0.0,0.0,[],[],[]
32096,[],0,0.0,0.0,0.0,0.0,0.0,0.0,[],[],[]
32097,[],0,0.0,0.0,0.0,0.0,0.0,0.0,[],[],[]
32098,[],0,0.0,0.0,0.0,0.0,0.0,0.0,[],[],[]
32099,[],0,0.0,0.0,0.0,0.0,0.0,0.0,[],[],[]
32100,[],0,0.0,0.0,0.0,0.0,0.0,0.0,[],[],[]
32101,[],0,0.0,0.0,0.0,0.0,0.0,0.0,[],[],[]
32102,[],0,0.0,0.0,0.0,0.0,0.0,0.0,[],[],[]
32103,[],0,0.0,0.0,0.0,0.0,0.0,0.0,[],[],[]
32104,[],0,0.0,0.0,0.0,0.0,0.0,0.0,[],[],[]
32105,[],0,0.0,0.0,0.0,0.0,0.0,0.0,[],[],[]
32106,[],0,0.0,0.0,0.0,0.0,0.0,0.0,[],[],[]
32107,[],0,0.0,0.0,0.0,0.0,0.0,0.0,[],[],[]
32108,[],0,0.0,0.0,0.0,0.0,0.0,0.0,[],[],[]
32109,[],0,0.0,0.0,0.0,0.0,0.0,0.0,[],[],[]
32110,[],0,0.0,0.0,0.0,0.0,0.0,0.0,[],[],[]
32111,[],0,0.0,0.0,0.0,0.0,0.0,0.0,[],[],[]
32112,[],0,0.0,0.0,0.0,0.0,0.0,0.0,[],[],[]
32113,[],0,0.0,0.0,0.0,0.0,0.0,0.0,[],[],[]
32114,[],0,0.0,0.0,0.0,0.0,0.0,0.0,[],[],[]
32115,[],0,0.0,0.0,0.0,0.0,0.0,0.0,[],[],[]
32116,[],0,0.0,0.0,0.0,0.0,0.0,0.0,[],[],[]
32117,[],0,0.0,0.0,0.0,0.0,0.0,0.0,[],[],[]
32118,[],0,0.0,0.0,0.0,0.0,0.0,0.0,[],[],[]
32119,[],0,0.0,0.0,0.0,0.0,0.0,0.0,[],[],[]
32120,[],0,0.0,0.0,0.0,0.0,0.0,0.0,[],[],[]
32121,[],0,0.0,0.0,0.0,0.0,0.0,0.0,[],[],[]
32122,[],0,0.0,0.0,0.0,0.0,0.0,0.0,[],[],[]
32123,[],0,0.0,0.0,0.0,0.0,0.0,0.0,[],[],[]
32124,[],0,0.0,0.0,0.0,0.0,0.0,0.0,[],[],[]
32125,[],0,0.0,0.0,0.0,0.0,0.0,0.0,[],[],[]
32126,[],0,0.0,0.0,0.0,0.0,0.0,0.0,[],[],[]
32127,[],0,0.0,0.0,0.0,0.0,0.0,0.0,[],[],[]
32128,[],0,0.0,0.0,0.0,0.0,0.0,0.0,[],[],[]
32129,[],0,0.0,0.0,0.0,0.0,0.0,0.0,[],[],[]
32130,[],0,0.0,0.0,0.0,0.0,0.0,0.0,[],[],[]
32131,[],0,0.0,0.0,0.0,0.0,0.0,0.0,[],[],[]
32132,[],0,0.0,0.0,0.0,0.0,0.0,0.0,[],[],[]
32133,[],0,0.0,0.0,0.0,0.0,0.0,0.0,[],[],[]
32134,[],0,0.0,0.0,0.0,0.0,0.0,0.0,[],[],[]
32135,[],0,0.0,0.0,0.0,0.0,0.0,0.0,[],[],[]
32136,[],0,0.0,0.0,0.0,0.0,0.0,0.0,[],[],[]
32137,[],0,0.0,0.0,0.0,0.0,0.0,0.0,[],[],[]
32138,[],0,0.0,0.0,0.0,0.0,0.0,0.0,[],[],[]
32139,[],0,0.0,0.0,0.0,0.0,0.0,0.0,[],[],[]
32140,[],0,0.0,0.0,0.0,0.0,0.0,0.0,[],[],[]
32141,[],0,0.0,0.0,0.0,0.0,0.0,0.0,[],[],[]
32142,[],0,0.0,0.0,0.0,0.0,0.0,0.0,[],[],[]
32143,[],0,0.0,0.0,0.0,0.0,0.0,0.0,[],[],[]
32144,[],0,0.0,0.0,0.0,0.0,0.0,0.0,[],[],[]
32145,[],0,0.0,0.0,0.0,0.0,0.0,0.0,[],[],[]
32146,[],0,0.0,0.0,0.0,0.0,0.0,0.0,[],[],[]
32147,[],0,0.0,0.0,0.0,0.0,0.0,0.0,[],[],[]
32148,[],0,0.0,0.0,0.0,0.0,0.0,0.0,[],[],[]
32149,[],0,0.0,0.0,0.0,0.0,0.0,0.0,[],[],[]
32150,[],0,0.0,0.0,0.0,0.0,0.0,0.0,[],[],[]
32151,[],0,0.0,0.0,0.0,0.0,0.0,0.0,[],[],[]
32152,[],0,0.0,0.0,0.0,0.0,0.0,0.0,[],[],[]
32153,[],0,0.0,0.0,0.0,0.0,0.0,0.0,[],[],[]
32154,[],0,0.0,0.0,0.0,0.0,0.0,0.0,[],[],[]
32155,[],0,0.0,0.0,0.0,0.0,0.0,0.0,[],[],[]
32156,[],0,0.0,0.0,0.0,0.0,0.0,0.0,[],[],[]
32157,[],0,0.0,0.0,0.0,0.0,0.0,0.0,[],[],[]
32158,[],0,0.0,0.0,0.0,0.0,0.0,0.0,[],[],[]
32159,[],0,0.0,0.0,0.0,0.0,0.0,0.0,[],[],[]
32160,[],0,0.0,0.0,0.0,0.0,0.0,0.0,[],[],[]
32161,[],0,0.0,0.0,0.0,0.0,0.0,0.0,[],[],[]
32162,[],0,0.0,0.0,0.0,0.0,0.0,0.0,[],[],[]
32163,[],0,0.0,0.0,0.0,0.0,0.0,0.0,[],[],[]
32164,[],0,0.0,0.0,0.0,0.0,0.0,0.0,[],[],[]
32165,[],0,0.0,0.0,0.0,0.0,0.0,0.0,[],[],[]
32166,[],0,0.0,0.0,0.0,0.0,0.0,0.0,[],[],[]
32167,[],0,0.0,0.0,0.0,0.0,0.0,0.0,[],[],[]
32168,[2859],1,91.0,91.0,48.183499999999185,48.183499999999185,139.18349999999919,139.18349999999919,[91.],[48.1835],[139.1835]
32169,[2859],1,91.0,91.0,48.183499999999185,48.183499999999185,139.18349999999919,139.18349999999919,[91.],[48.1835],[139.1835]
32170,[2859],1,91.0,91.0,48.183499999999185,48.183499999999185,139.18349999999919,139.18349999999919,[91.],[48.1835],[139.1835]
32171,[2859],1,91.0,91.0,48.183499999999185,48.183499999999185,139.18349999999919,139.18349999999919,[91.],[48.1835],[139.1835]
32172,[2859],1,91.0,91.0,48.183499999999185,48.183499999999185,139.18349999999919,139.18349999999919,[91.],[48.1835],[139.1835]
32173,[2859],1,91.0,91.0,48.183499999999185,48.183499999999185,139.18349999999919,139.18349999999919,[91.],[48.1835],[139.1835]
32174,[2859],1,91.0,91.0,48.183499999999185,48.183499999999185,139.18349999999919,139.18349999999919,[91.],[48.1835],[139.1835]
32175,[2859],1,91.0,91.0,48.183499999999185,48.183499999999185,139.18349999999919,139.18349999999919,[91.],[48.1835],[139.1835]
32176,[2859],1,91.0,91.0,48.183499999999185,48.183499999999185,139.18349999999919,139.18349999999919,[91.],[48.1835],[139.1835]
32177,[2859],1,91.0,91.0,48.183499999999185,48.183499999999185,139.18349999999919,139.18349999999919,[91.],[48.1835],[139.1835]
32178,[2859],1,91.0,91.0,48.183499999999185,48.183499999999185,139.18349999999919,139.18349999999919,[91.],[48.1835],[139.1835]
32179,[2859],1,91.0,91.0,48.183499999999185,48.183499999999185,139.18349999999919,139.18349999999919,[91.],[48.1835],[139.1835]
32180,[2859],1,91.0,91.0,48.183499999999185,48.183499999999185,139.18349999999919,139.18349999999919,[91.],[48.1835],[139.1835]
32181,[2859],1,91.0,91.0,48.183499999999185,48.183499999999185,139.18349999999919,139.18349999999919,[91.],[48.1835],[139.1835]
32182,[2859],1,91.0,91.0,48.183499999999185,48.183499999999185,139.18349999999919,139.18349999999919,[91.],[48.1835],[139.1835]
32183,[2859],1,91.0,91.0,48.183499999999185,48.183499999999185,139.18349999999919,139.18349999999919,[91.],[48.1835],[139.1835]
32184,[2859],1,91.0,91.0,48.183499999999185,48.183499999999185,139.18349999999919,139.18349999999919,[91.],[48.1835],[139.1835]
32185,[2859],1,91.0,91.0,48.183499999999185,48.183499999999185,139.18349999999919,139.18349999999919,[91.],[48.1835],[139.1835]
32186,[2859],1,91.0,91.0,48.183499999999185,48.183499999999185,139.18349999999919,139.18349999999919,[91.],[48.1835],[139.1835]
32187,[2859],1,91.0,91.0,48.183499999999185,48.183499999999185,139.18349999999919,139.18349999999919,[91.],[48.1835],[139.1835]
32188,[2859],1,91.0,91.0,48.183499999999185,48.183499999999185,139.18349999999919,139.18349999999919,[91.],[48.1835],[139.1835]
32189,[2859],1,91.0,91.0,48.183499999999185,48.183499999999185,139.18349999999919,139.18349999999919,[91.],[48.1835],[139.1835]
32190,[2859],1,91.0,91.0,48.183499999999185,48.183499999999185,139.18349999999919,139.18349999999919,[91.],[48.1835],[139.1835]
32191,[2859],1,91.0,91.0,48.183499999999185,48.183499999999185,139.18349999999919,139.18349999999919,[91.],[48.1835],[139.1835]
32192,[2859],1,91.0,91.0,48.183499999999185,48.183499999999185,139.18349999999919,139.18349999999919,[91.],[48.1835],[139.1835]
32193,[2859],1,91.0,91.0,48.183499999999185,48.183499999999185,139.18349999999919,139.18349999999919,[91.],[48.1835],[139.1835]
32194,[2859],1,91.0,91.0,48.183499999999185,48.183499999999185,139.18349999999919,139.18349999999919,[91.],[48.1835],[139.1835]
32195,[2859],1,91.0,91.0,48.183499999999185,48.183499999999185,139.18349999999919,139.18349999999919,[91.],[48.1835],[139.1835]
32196,[2859],1,91.0,91.0,48.183499999999185,48.183499999999185,139.18349999999919,139.18349999999919,[91.],[48.1835],[139.1835]
32197,[2859],1,91.0,91.0,48.183499999999185,48.183499999999185,139.18349999999919,139.18349999999919,[91.],[48.1835],[139.1835]
32198,[2859],1,91.0,91.0,48.183499999999185,48.183499999999185,139.18349999999919,139.18349999999919,[91.],[48.1835],[139.1835]
32199,[2859],1,91.0,91.0,48.183499999999185,48.183499999999185,139.18349999999919,139.18349999999919,[91.],[48.1835],[139.1835]
32200,[2859],1,91.0,91.0,48.183499999999185,48.183499999999185,139.18349999999919,139.18349999999919,[91.],[48.1835],[139.1835]
32201,[2859],1,91.0,91.0,48.183499999999185,48.183499999999185,139.18349999999919,139.18349999999919,[91.],[48.1835],[139.1835]
32202,[2859],1,91.0,91.0,48.183499999999185,48.183499999999185,139.18349999999919,139.18349999999919,[91.],[48.1835],[139.1835]
32203,[2859],1,91.0,91.0,48.183499999999185,48.183499999999185,139.18349999999919,139.18349999999919,[91.],[48.1835],[139.1835]
32204,[2859],1,91.0,91.0,48.183499999999185,48.183499999999185,139.18349999999919,139.18349999999919,[91.],[48.1835],[139.1835]
32205,[2859],1,91.0,91.0,48.183499999999185,48.183499999999185,139.18349999999919,139.18349999999919,[91.],[48.1835],[139.1835]
32206,[2859],1,91.0,91.0,48.183499999999185,48.183499999999185,139.18349999999919,139.18349999999919,[91.],[48.1835],[139.1835]
32207,[2859],1,91.0,91.0,48.183499999999185,48.183499999999185,139.18349999999919,139.18349999999919,[91.],[48.1835],[139.1835]
32208,[2859],1,91.0,91.0,48.183499999999185,48.183499999999185,139.18349999999919,139.18349999999919,[91.],[48.1835],[139.1835]
32209,[2859],1,91.0,91.0,48.183499999999185,48.183499999999185,139.18349999999919,139.18349999999919,[91.],[48.1835],[139.1835]
32210,[2859],1,91.0,91.0,48.183499999999185,48.183499999999185,139.18349999999919,139.18349999999919,[91.],[48.1835],[139.1835]
32211,[2859],1,91.0,91.0,48.183499999999185,48.183499999999185,139.18349999999919,139.18349999999919,[91.],[48.1835],[139.1835]
32212,[2859],1,91.0,91.0,48.183499999999185,48.183499999999185,139.18349999999919,139.18349999999919,[91.],[48.1835],[139.1835]
32213,[2859],1,91.0,91.0,48.183499999999185,48.183499999999185,139.18349999999919,139.18349999999919,[91.],[48.1835],[139.1835]
32214,[2859],1,91.0,91.0,48.183499999999185,48.183499999999185,139.18349999999919,139.18349999999919,[91.],[48.1835],[139.1835]
32215,[2859],1,91.0,91.0,48.183499999999185,48.183499999999185,139.18349999999919,139.18349999999919,[91.],[48.1835],[139.1835]
32216,[2859],1,91.0,91.0,48.183499999999185,48.183499999999185,139.18349999999919,139.18349999999919,[91.],[48.1835],[139.1835]
32217,[2859],1,91.0,91.0,48.183499999999185,48.183499999999185,139.18349999999919,139.18349999999919,[91.],[48.1835],[139.1835]
32218,[2859],1,91.0,91.0,48.183499999999185,48.183499999999185,139.18349999999919,139.18349999999919,[91.],[48.1835],[139.1835]
32219,[2859],1,91.0,91.0,48.183499999999185,48.183499999999185,139.18349999999919,139.18349999999919,[91.],[48.1835],[139.1835]
32220,[2859],1,91.0,91.0,48.183499999999185,48.183499999999185,139.18349999999919,139.18349999999919,[91.],[48.1835],[139.1835]
32221,[2859],1,91.0,91.0,48.183499999999185,48.183499999999185,139.18349999999919,139.18349999999919,[91.],[48.1835],[139.1835]
32222,[2859],1,91.0,91.0,48.183499999999185,48.183499999999185,139.18349999999919,139.18349999999919,[91.],[48.1835],[139.1835]
32223,[2859],1,91.0,91.0,48.183499999999185,48.183499999999185,139.18349999999919,139.18349999999919,[91.],[48.1835],[139.1835]
32224,[2859],1,91.0,91.0,48.183499999999185,48.183499999999185,139.18349999999919,139.18349999999919,[91.],[48.1835],[139.1835]
32225,[2859],1,91.0,91.0,48.183499999999185,48.183499999999185,139.18349999999919,139.18349999999919,[91.],[48.1835],[139.1835]
32226,[2859],1,91.0,91.0,48.183499999999185,48.183499999999185,139.18349999999919,139.18349999999919,[91.],[48.1835],[139.1835]
32227,[2859],1,91.0,91.0,48.183499999999185,48.183499999999185,139.18349999999919,139.18349999999919,[91.],[48.1835],[139.1835]
32228,[2859],1,91.0,91.0,48.183499999999185,48.183499999999185,139.18349999999919,139.18349999999919,[91.],[48.1835],[139.1835]
32229,[2859],1,91.0,91.0,48.183499999999185,48.183499999999185,139.18349999999919,139.18349999999919,[91.],[48.1835],[139.1835]
32230,[2859],1,91.0,91.0,48.183499999999185,48.183499999999185,139.18349999999919,139.18349999999919,[91.],[48.1835],[139.1835]
32231,[2859],1,91.0,91.0,48.183499999999185,48.183499999999185,139.18349999999919,139.18349999999919,[91.],[48.1835],[139.1835]
32232,[2859],1,91.0,91.0,48.183499999999185,48.183499999999185,139.18349999999919,139.18349999999919,[91.],[48.1835],[139.1835]
32233,[2859],1,91.0,91.0,48.183499999999185,48.183499999999185,139.18349999999919,139.18349999999919,[91.],[48.1835],[139.1835]
32234,[2859],1,91.0,91.0,48.183499999999185,48.183499999999185,139.18349999999919,139.18349999999919,[91.],[48.1835],[139.1835]
32235,[2859],1,91.0,91.0,48.183499999999185,48.183499999999185,139.18349999999919,139.18349999999919,[91.],[48.1835],[139.1835]
32236,[2859],1,91.0,91.0,48.183499999999185,48.183499999999185,139.18349999999919,139.18349999999919,[91.],[48.1835],[139.1835]
32237,[2859],1,91.0,91.0,48.183499999999185,48.183499999999185,139.18349999999919,139.18349999999919,[91.],[48.1835],[139.1835]
32238,[2859],1,91.0,91.0,48.183499999999185,48.183499999999185,139.18349999999919,139.18349999999919,[91.],[48.1835],[139.1835]
32239,[2859],1,91.0,91.0,48.183499999999185,48.183499999999185,139.18349999999919,139.18349999999919,[91.],[48.1835],[139.1835]
32240,[2859],1,91.0,91.0,48.183499999999185,48.183499999999185,139.18349999999919,139.18349999999919,[91.],[48.1835],[139.1835]
32241,[2859],1,91.0,91.0,48.183499999999185,48.183499999999185,139.18349999999919,139.18349999999919,[91.],[48.1835],[139.1835]
32242,[2859],1,91.0,91.0,48.183499999999185,48.183499999999185,139.18349999999919,139.18349999999919,[91.],[48.1835],[139.1835]
32243,[2859],1,91.0,91.0,48.183499999999185,48.183499999999185,139.18349999999919,139.18349999999919,[91.],[48.1835],[139.1835]
32244,[2859],1,91.0,91.0,48.183499999999185,48.183499999999185,139.18349999999919,139.18349999999919,[91.],[48.1835],[139.1835]
32245,[2859],1,91.0,91.0,48.183499999999185,48.183499999999185,139.18349999999919,139.18349999999919,[91.],[48.1835],[139.1835]
32246,[2859],1,91.0,91.0,48.183499999999185,48.183499999999185,139.18349999999919,139.18349999999919,[91.],[48.1835],[139.1835]
32247,[2859],1,91.0,91.0,48.183499999999185,48.183499999999185,139.18349999999919,139.18349999999919,[91.],[48.1835],[139.1835]
32248,[2859],1,91.0,91.0,48.183499999999185,48.183499999999185,139.18349999999919,139.18349999999919,[91.],[48.1835],[139.1835]
32249,[2859],1,91.0,91.0,48.183499999999185,48.183499999999185,139.18349999999919,139.18349999999919,[91.],[48.1835],[139.1835]
32250,[2859],1,91.0,91.0,48.183499999999185,48.183499999999185,139.18349999999919,139.18349999999919,[91.],[48.1835],[139.1835]
32251,[2859],1,91.0,91.0,48.183499999999185,48.183499999999185,139.18349999999919,139.18349999999919,[91.],[48.1835],[139.1835]
32252,[2859],1,91.0,91.0,48.183499999999185,48.183499999999185,139.18349999999919,139.18349999999919,[91.],[48.1835],[139.1835]
32253,[2859],1,91.0,91.0,48.183499999999185,48.183499999999185,139.18349999999919,139.18349999999919,[91.],[48.1835],[139.1835]
32254,[2859],1,91.0,91.0,48.183499999999185,48.183499999999185,139.18349999999919,139.18349999999919,[91.],[48.1835],[139.1835]
32255,[2859],1,91.0,91.0,48.183499999999185,48.183499999999185,139.18349999999919,139.18349999999919,[91.],[48.1835],[139.1835]
32256,[2859],1,91.0,91.0,48.183499999999185,48.183499999999185,139.18349999999919,139.18349999999919,[91.],[48.1835],[139.1835]
32257,[2859],1,91.0,91.0,48.183499999999185,48.183499999999185,139.18349999999919,139.18349999999919,[91.],[48.1835],[139.1835]
32258,[2859],1,91.0,91.0,48.183499999999185,48.183499999999185,139.18349999999919,139.18349999999919,[91.],[48.1835],[139.1835]
32259,[2859],1,91.0,91.0,48.183499999999185,48.183499999999185,139.18349999999919,139.18349999999919,[91.],[48.1835],[139.1835]
32260,[],0,0.0,0.0,0.0,0.0,0.0,0.0,[],[],[]
32261,[],0,0.0,0.0,0.0,0.0,0.0,0.0,[],[],[]
32262,[],0,0.0,0.0,0.0,0.0,0.0,0.0,[],[],[]
32263,[],0,0.0,0.0,0.0,0.0,0.0,0.0,[],[],[]
32264,[],0,0.0,0.0,0.0,0.0,0.0,0.0,[],[],[]
32265,[],0,0.0,0.0,0.0,0.0,0.0,0.0,[],[],[]
32266,[],0,0.0,0.0,0.0,0.0,0.0,0.0,[],[],[]
32267,[],0,0.0,0.0,0.0,0.0,0.0,0.0,[],[],[]
32268,[],0,0.0,0.0,0.0,0.0,0.0,0.0,[],[],[]
32269,[],0,0.0,0.0,0.0,0.0,0.0,0.0,[],[],[]
32270,[],0,0.0,0.0,0.0,0.0,0.0,0.0,[],[],[]
32271,[],0,0.0,0.0,0.0,0.0,0.0,0.0,[],[],[]
32272,[],0,0.0,0.0,0.0,0.0,0.0,0.0,[],[],[]
32273,[],0,0.0,0.0,0.0,0.0,0.0,0.0,[],[],[]
32274,[],0,0.0,0.0,0.0,0.0,0.0,0.0,[],[],[]
32275,[],0,0.0,0.0,0.0,0.0,0.0,0.0,[],[],[]
32276,[],0,0.0,0.0,0.0,0.0,0.0,0.0,[],[],[]
32277,[],0,0.0,0.0,0.0,0.0,0.0,0.0,[],[],[]
32278,[],0,0.0,0.0,0.0,0.0,0.0,0.0,[],[],[]
32279,[],0,0.0,0.0,0.0,0.0,0.0,0.0,[],[],[]
32280,[],0,0.0,0.0,0.0,0.0,0.0,0.0,[],[],[]
32281,[],0,0.0,0.0,0.0,0.0,0.0,0.0,[],[],[]
32282,[],0,0.0,0.0,0.0,0.0,0.0,0.0,[],[],[]
32283,[],0,0.0,0.0,0.0,0.0,0.0,0.0,[],[],[]
32284,[],0,0.0,0.0,0.0,0.0,0.0,0.0,[],[],[]
32285,[],0,0.0,0.0,0.0,0.0,0.0,0.0,[],[],[]
32286,[],0,0.0,0.0,0.0,0.0,0.0,0.0,[],[],[]
32287,[],0,0.0,0.0,0.0,0.0,0.0,0.0,[],[],[]
32288,[],0,0.0,0.0,0.0,0.0,0.0,0.0,[],[],[]
32289,[],0,0.0,0.0,0.0,0.0,0.0,0.0,[],[],[]
32290,[],0,0.0,0.0,0.0,0.0,0.0,0.0,[],[],[]
32291,[],0,0.0,0.0,0.0,0.0,0.0,0.0,[],[],[]
32292,[],0,0.0,0.0,0.0,0.0,0.0,0.0,[],[],[]
32293,[],0,0.0,0.0,0.0,0.0,0.0,0.0,[],[],[]
32294,[],0,0.0,0.0,0.0,0.0,0.0,0.0,[],[],[]
32295,[],0,0.0,0.0,0.0,0.0,0.0,0.0,[],[],[]
32296,[],0,0.0,0.0,0.0,0.0,0.0,0.0,[],[],[]
32297,[],0,0.0,0.0,0.0,0.0,0.0,0.0,[],[],[]
32298,[],0,0.0,0.0,0.0,0.0,0.0,0.0,[],[],[]
32299,[],0,0.0,0.0,0.0,0.0,0.0,0.0,[],[],[]
32300,[],0,0.0,0.0,0.0,0.0,0.0,0.0,[],[],[]
32301,[],0,0.0,0.0,0.0,0.0,0.0,0.0,[],[],[]
32302,[],0,0.0,0.0,0.0,0.0,0.0,0.0,[],[],[]
32303,[],0,0.0,0.0,0.0,0.0,0.0,0.0,[],[],[]
32304,[],0,0.0,0.0,0.0,0.0,0.0,0.0,[],[],[]
32305,[],0,0.0,0.0,0.0,0.0,0.0,0.0,[],[],[]
32306,[],0,0.0,0.0,0.0,0.0,0.0,0.0,[],[],[]
32307,[],0,0.0,0.0,0.0,0.0,0.0,0.0,[],[],[]
32308,[],0,0.0,0.0,0.0,0.0,0.0,0.0,[],[],[]
32309,[],0,0.0,0.0,0.0,0.0,0.0,0.0,[],[],[]
32310,[],0,0.0,0.0,0.0,0.0,0.0,0.0,[],[],[]
32311,[],0,0.0,0.0,0.0,0.0,0.0,0.0,[],[],[]
32312,[],0,0.0,0.0,0.0,0.0,0.0,0.0,[],[],[]
32313,[],0,0.0,0.0,0.0,0.0,0.0,0.0,[],[],[]
32314,[],0,0.0,0.0,0.0,0.0,0.0,0.0,[],[],[]
32315,[],0,0.0,0.0,0.0,0.0,0.0,0.0,[],[],[]
32316,[],0,0.0,0.0,0.0,0.0,0.0,0.0,[],[],[]
32317,[],0,0.0,0.0,0.0,0.0,0.0,0.0,[],[],[]
32318,[],0,0.0,0.0,0.0,0.0,0.0,0.0,[],[],[]
32319,[],0,0.0,0.0,0.0,0.0,0.0,0.0,[],[],[]
32320,[],0,0.0,0.0,0.0,0.0,0.0,0.0,[],[],[]
32321,[],0,0.0,0.0,0.0,0.0,0.0,0.0,[],[],[]
32322,[],0,0.0,0.0,0.0,0.0,0.0,0.0,[],[],[]
32323,[],0,0.0,0.0,0.0,0.0,0.0,0.0,[],[],[]
32324,[],0,0.0,0.0,0.0,0.0,0.0,0.0,[],[],[]
32325,[],0,0.0,0.0,0.0,0.0,0.0,0.0,[],[],[]
32326,[],0,0.0,0.0,0.0,0.0,0.0,0.0,[],[],[]
32327,[],0,0.0,0.0,0.0,0.0,0.0,0.0,[],[],[]
32328,[],0,0.0,0.0,0.0,0.0,0.0,0.0,[],[],[]
32329,[],0,0.0,0.0,0.0,0.0,0.0,0.0,[],[],[]
32330,[],0,0.0,0.0,0.0,0.0,0.0,0.0,[],[],[]
32331,[],0,0.0,0.0,0.0,0.0,0.0,0.0,[],[],[]
32332,[],0,0.0,0.0,0.0,0.0,0.0,0.0,[],[],[]
32333,[],0,0.0,0.0,0.0,0.0,0.0,0.0,[],[],[]
32334,[],0,0.0,0.0,0.0,0.0,0.0,0.0,[],[],[]
32335,[],0,0.0,0.0,0.0,0.0,0.0,0.0,[],[],[]
32336,[],0,0.0,0.0,0.0,0.0,0.0,0.0,[],[],[]
32337,[],0,0.0,0.0,0.0,0.0,0.0,0.0,[],[],[]
32338,[],0,0.0,0.0,0.0,0.0,0.0,0.0,[],[],[]
32339,[],0,0.0,0.0,0.0,0.0,0.0,0.0,[],[],[]
32340,[],0,0.0,0.0,0.0,0.0,0.0,0.0,[],[],[]
32341,[],0,0.0,0.0,0.0,0.0,0.0,0.0,[],[],[]
32342,[],0,0.0,0.0,0.0,0.0,0.0,0.0,[],[],[]
32343,[],0,0.0,0.0,0.0,0.0,0.0,0.0,[],[],[]
32344,[3003],1,53.599999999998545,53.599999999998545,32.30000000000291,32.30000000000291,85.90000000000146,85.90000000000146,[53.6],[32.3],[85.9]
32345,[3003],1,53.599999999998545,53.599999999998545,32.30000000000291,32.30000000000291,85.90000000000146,85.90000000000146,[53.6],[32.3],[85.9]
32346,[3003],1,53.599999999998545,53.599999999998545,32.30000000000291,32.30000000000291,85.90000000000146,85.90000000000146,[53.6],[32.3],[85.9]
32347,[3003],1,53.599999999998545,53.599999999998545,32.30000000000291,32.30000000000291,85.90000000000146,85.90000000000146,[53.6],[32.3],[85.9]
32348,[3003],1,53.599999999998545,53.599999999998545,32.30000000000291,32.30000000000291,85.90000000000146,85.90000000000146,[53.6],[32.3],[85.9]
32349,[3003],1,53.599999999998545,53.599999999998545,32.30000000000291,32.30000000000291,85.90000000000146,85.90000000000146,[53.6],[32.3],[85.9]
32350,[3003],1,53.599999999998545,53.599999999998545,32.30000000000291,32.30000000000291,85.90000000000146,85.90000000000146,[53.6],[32.3],[85.9]
32351,[3003],1,53.599999999998545,53.599999999998545,32.30000000000291,32.30000000000291,85.90000000000146,85.90000000000146,[53.6],[32.3],[85.9]
32352,[3003],1,53.599999999998545,53.599999999998545,32.30000000000291,32.30000000000291,85.90000000000146,85.90000000000146,[53.6],[32.3],[85.9]
32353,[3003],1,53.599999999998545,53.599999999998545,32.30000000000291,32.30000000000291,85.90000000000146,85.90000000000146,[53.6],[32.3],[85.9]
32354,[3003],1,53.599999999998545,53.599999999998545,32.30000000000291,32.30000000000291,85.90000000000146,85.90000000000146,[53.6],[32.3],[85.9]
32355,[3003],1,53.599999999998545,53.599999999998545,32.30000000000291,32.30000000000291,85.90000000000146,85.90000000000146,[53.6],[32.3],[85.9]
32356,[3003],1,53.599999999998545,53.599999999998545,32.30000000000291,32.30000000000291,85.90000000000146,85.90000000000146,[53.6],[32.3],[85.9]
32357,[3003],1,53.599999999998545,53.599999999998545,32.30000000000291,32.30000000000291,85.90000000000146,85.90000000000146,[53.6],[32.3],[85.9]
32358,[3003],1,53.599999999998545,53.599999999998545,32.30000000000291,32.30000000000291,85.90000000000146,85.90000000000146,[53.6],[32.3],[85.9]
32359,[3003],1,53.599999999998545,53.599999999998545,32.30000000000291,32.30000000000291,85.90000000000146,85.90000000000146,[53.6],[32.3],[85.9]
32360,[3003],1,53.599999999998545,53.599999999998545,32.30000000000291,32.30000000000291,85.90000000000146,85.90000000000146,[53.6],[32.3],[85.9]
32361,[3003],1,53.599999999998545,53.599999999998545,32.30000000000291,32.30000000000291,85.90000000000146,85.90000000000146,[53.6],[32.3],[85.9]
32362,[3003],1,53.599999999998545,53.599999999998545,32.30000000000291,32.30000000000291,85.90000000000146,85.90000000000146,[53.6],[32.3],[85.9]
32363,[3003],1,53.599999999998545,53.599999999998545,32.30000000000291,32.30000000000291,85.90000000000146,85.90000000000146,[53.6],[32.3],[85.9]
32364,[3003],1,53.599999999998545,53.599999999998545,32.30000000000291,32.30000000000291,85.90000000000146,85.90000000000146,[53.6],[32.3],[85.9]
32365,[3003],1,53.599999999998545,53.599999999998545,32.30000000000291,32.30000000000291,85.90000000000146,85.90000000000146,[53.6],[32.3],[85.9]
32366,[3003],1,53.599999999998545,53.599999999998545,32.30000000000291,32.30000000000291,85.90000000000146,85.90000000000146,[53.6],[32.3],[85.9]
32367,[3003],1,53.599999999998545,53.599999999998545,32.30000000000291,32.30000000000291,85.90000000000146,85.90000000000146,[53.6],[32.3],[85.9]
32368,[3003 3022],2,41.599999999998545,53.599999999998545,41.00000000000182,49.70000000000073,82.60000000000036,85.90000000000146,[53.6 29.6],[32.3 49.7],[85.9 79.3]
32369,[3003 3022],2,41.599999999998545,53.599999999998545,41.00000000000182,49.70000000000073,82.60000000000036,85.90000000000146,[53.6 29.6],[32.3 49.7],[85.9 79.3]
32370,[3003 3022],2,41.599999999998545,53.599999999998545,41.00000000000182,49.70000000000073,82.60000000000036,85.90000000000146,[53.6 29.6],[32.3 49.7],[85.9 79.3]
32371,[3003 3022],2,41.599999999998545,53.599999999998545,41.00000000000182,49.70000000000073,82.60000000000036,85.90000000000146,[53.6 29.6],[32.3 49.7],[85.9 79.3]
32372,[3003 3022],2,41.599999999998545,53.599999999998545,41.00000000000182,49.70000000000073,82.60000000000036,85.90000000000146,[53.6 29.6],[32.3 49.7],[85.9 79.3]
32373,[3003 3022],2,41.599999999998545,53.599999999998545,41.00000000000182,49.70000000000073,82.60000000000036,85.90000000000146,[53.6 29.6],[32.3 49.7],[85.9 79.3]
32374,[3003 3022],2,41.599999999998545,53.599999999998545,41.00000000000182,49.70000000000073,82.60000000000036,85.90000000000146,[53.6 29.6],[32.3 49.7],[85.9 79.3]
32375,[3003 3022],2,41.599999999998545,53.599999999998545,41.00000000000182,49.70000000000073,82.60000000000036,85.90000000000146,[53.6 29.6],[32.3 49.7],[85.9 79.3]
32376,[3003 3022],2,41.599999999998545,53.599999999998545,41.00000000000182,49.70000000000073,82.60000000000036,85.90000000000146,[53.6 29.6],[32.3 49.7],[85.9 79.3]
32377,[3003 3022],2,41.599999999998545,53.599999999998545,41.00000000000182,49.70000000000073,82.60000000000036,85.90000000000146,[53.6 29.6],[32.3 49.7],[85.9 79.3]
32378,[3003 3022],2,41.599999999998545,53.599999999998545,41.00000000000182,49.70000000000073,82.60000000000036,85.90000000000146,[53.6 29.6],[32.3 49.7],[85.9 79.3]
32379,[3003 3022],2,41.599999999998545,53.599999999998545,41.00000000000182,49.70000000000073,82.60000000000036,85.90000000000146,[53.6 29.6],[32.3 49.7],[85.9 79.3]
32380,[3003 3022],2,41.599999999998545,53.599999999998545,41.00000000000182,49.70000000000073,82.60000000000036,85.90000000000146,[53.6 29.6],[32.3 49.7],[85.9 79.3]
32381,[3003 3022],2,41.599999999998545,53.599999999998545,41.00000000000182,49.70000000000073,82.60000000000036,85.90000000000146,[53.6 29.6],[32.3 49.7],[85.9 79.3]
32382,[3003 3022],2,41.599999999998545,53.599999999998545,41.00000000000182,49.70000000000073,82.60000000000036,85.90000000000146,[53.6 29.6],[32.3 49.7],[85.9 79.3]
32383,[3003 3022],2,41.599999999998545,53.599999999998545,41.00000000000182,49.70000000000073,82.60000000000036,85.90000000000146,[53.6 29.6],[32.3 49.7],[85.9 79.3]
32384,[3003 3022],2,41.599999999998545,53.599999999998545,41.00000000000182,49.70000000000073,82.60000000000036,85.90000000000146,[53.6 29.6],[32.3 49.7],[85.9 79.3]
32385,[3003 3022],2,41.599999999998545,53.599999999998545,41.00000000000182,49.70000000000073,82.60000000000036,85.90000000000146,[53.6 29.6],[32.3 49.7],[85.9 79.3]
32386,[3003 3022],2,41.599999999998545,53.599999999998545,41.00000000000182,49.70000000000073,82.60000000000036,85.90000000000146,[53.6 29.6],[32.3 49.7],[85.9 79.3]
32387,[3003 3022],2,41.599999999998545,53.599999999998545,41.00000000000182,49.70000000000073,82.60000000000036,85.90000000000146,[53.6 29.6],[32.3 49.7],[85.9 79.3]
32388,[3003 3022],2,41.599999999998545,53.599999999998545,41.00000000000182,49.70000000000073,82.60000000000036,85.90000000000146,[53.6 29.6],[32.3 49.7],[85.9 79.3]
32389,[3003 3022],2,41.599999999998545,53.599999999998545,41.00000000000182,49.70000000000073,82.60000000000036,85.90000000000146,[53.6 29.6],[32.3 49.7],[85.9 79.3]
32390,[3003 3022],2,41.599999999998545,53.599999999998545,41.00000000000182,49.70000000000073,82.60000000000036,85.90000000000146,[53.6 29.6],[32.3 49.7],[85.9 79.3]
32391,[3003 3022],2,41.599999999998545,53.599999999998545,41.00000000000182,49.70000000000073,82.60000000000036,85.90000000000146,[53.6 29.6],[32.3 49.7],[85.9 79.3]
32392,[3003 3022],2,41.599999999998545,53.599999999998545,41.00000000000182,49.70000000000073,82.60000000000036,85.90000000000146,[53.6 29.6],[32.3 49.7],[85.9 79.3]
32393,[3003 3022],2,41.599999999998545,53.599999999998545,41.00000000000182,49.70000000000073,82.60000000000036,85.90000000000146,[53.6 29.6],[32.3 49.7],[85.9 79.3]
32394,[3003 3022],2,41.599999999998545,53.599999999998545,41.00000000000182,49.70000000000073,82.60000000000036,85.90000000000146,[53.6 29.6],[32.3 49.7],[85.9 79.3]
32395,[3003 3022],2,41.599999999998545,53.599999999998545,41.00000000000182,49.70000000000073,82.60000000000036,85.90000000000146,[53.6 29.6],[32.3 49.7],[85.9 79.3]
32396,[3003 3022],2,41.599999999998545,53.599999999998545,41.00000000000182,49.70000000000073,82.60000000000036,85.90000000000146,[53.6 29.6],[32.3 49.7],[85.9 79.3]
32397,[3003 3022],2,41.599999999998545,53.599999999998545,41.00000000000182,49.70000000000073,82.60000000000036,85.90000000000146,[53.6 29.6],[32.3 49.7],[85.9 79.3]
32398,[],0,0.0,0.0,0.0,0.0,0.0,0.0,[],[],[]
32399,[],0,0.0,0.0,0.0,0.0,0.0,0.0,[],[],[]
32400,[],0,0.0,0.0,0.0,0.0,0.0,0.0,[],[],[]
32401,[],0,0.0,0.0,0.0,0.0,0.0,0.0,[],[],[]
32402,[],0,0.0,0.0,0.0,0.0,0.0,0.0,[],[],[]
32403,[],0,0.0,0.0,0.0,0.0,0.0,0.0,[],[],[]
32404,[],0,0.0,0.0,0.0,0.0,0.0,0.0,[],[],[]
32405,[],0,0.0,0.0,0.0,0.0,0.0,0.0,[],[],[]
32406,[],0,0.0,0.0,0.0,0.0,0.0,0.0,[],[],[]
32407,[],0,0.0,0.0,0.0,0.0,0.0,0.0,[],[],[]
32408,[],0,0.0,0.0,0.0,0.0,0.0,0.0,[],[],[]
32409,[],0,0.0,0.0,0.0,0.0,0.0,0.0,[],[],[]
32410,[],0,0.0,0.0,0.0,0.0,0.0,0.0,[],[],[]
32411,[],0,0.0,0.0,0.0,0.0,0.0,0.0,[],[],[]
32412,[],0,0.0,0.0,0.0,0.0,0.0,0.0,[],[],[]
32413,[],0,0.0,0.0,0.0,0.0,0.0,0.0,[],[],[]
32414,[],0,0.0,0.0,0.0,0.0,0.0,0.0,[],[],[]
32415,[],0,0.0,0.0,0.0,0.0,0.0,0.0,[],[],[]
32416,[],0,0.0,0.0,0.0,0.0,0.0,0.0,[],[],[]
32417,[],0,0.0,0.0,0.0,0.0,0.0,0.0,[],[],[]
32418,[],0,0.0,0.0,0.0,0.0,0.0,0.0,[],[],[]
32419,[],0,0.0,0.0,0.0,0.0,0.0,0.0,[],[],[]
32420,[],0,0.0,0.0,0.0,0.0,0.0,0.0,[],[],[]
32421,[],0,0.0,0.0,0.0,0.0,0.0,0.0,[],[],[]
32422,[],0,0.0,0.0,0.0,0.0,0.0,0.0,[],[],[]
32423,[],0,0.0,0.0,0.0,0.0,0.0,0.0,[],[],[]
32424,[],0,0.0,0.0,0.0,0.0,0.0,0.0,[],[],[]
32425,[],0,0.0,0.0,0.0,0.0,0.0,0.0,[],[],[]
32426,[],0,0.0,0.0,0.0,0.0,0.0,0.0,[],[],[]
32427,[],0,0.0,0.0,0.0,0.0,0.0,0.0,[],[],[]
32428,[],0,0.0,0.0,0.0,0.0,0.0,0.0,[],[],[]
32429,[],0,0.0,0.0,0.0,0.0,0.0,0.0,[],[],[]
32430,[],0,0.0,0.0,0.0,0.0,0.0,0.0,[],[],[]
32431,[],0,0.0,0.0,0.0,0.0,0.0,0.0,[],[],[]
32432,[],0,0.0,0.0,0.0,0.0,0.0,0.0,[],[],[]
32433,[],0,0.0,0.0,0.0,0.0,0.0,0.0,[],[],[]
32434,[],0,0.0,0.0,0.0,0.0,0.0,0.0,[],[],[]
32435,[],0,0.0,0.0,0.0,0.0,0.0,0.0,[],[],[]
32436,[],0,0.0,0.0,0.0,0.0,0.0,0.0,[],[],[]
32437,[],0,0.0,0.0,0.0,0.0,0.0,0.0,[],[],[]
32438,[],0,0.0,0.0,0.0,0.0,0.0,0.0,[],[],[]
32439,[],0,0.0,0.0,0.0,0.0,0.0,0.0,[],[],[]
32440,[],0,0.0,0.0,0.0,0.0,0.0,0.0,[],[],[]
32441,[],0,0.0,0.0,0.0,0.0,0.0,0.0,[],[],[]
32442,[],0,0.0,0.0,0.0,0.0,0.0,0.0,[],[],[]
32443,[],0,0.0,0.0,0.0,0.0,0.0,0.0,[],[],[]
32444,[],0,0.0,0.0,0.0,0.0,0.0,0.0,[],[],[]
32445,[],0,0.0,0.0,0.0,0.0,0.0,0.0,[],[],[]
32446,[],0,0.0,0.0,0.0,0.0,0.0,0.0,[],[],[]
32447,[],0,0.0,0.0,0.0,0.0,0.0,0.0,[],[],[]
32448,[],0,0.0,0.0,0.0,0.0,0.0,0.0,[],[],[]
32449,[3083],1,49.854544999998325,49.854544999998325,52.523637000002054,52.523637000002054,102.37818200000038,102.37818200000038,[49.854545],[52.523637],[102.378182]
32450,[3083],1,49.854544999998325,49.854544999998325,52.523637000002054,52.523637000002054,102.37818200000038,102.37818200000038,[49.854545],[52.523637],[102.378182]
32451,[3083],1,49.854544999998325,49.854544999998325,52.523637000002054,52.523637000002054,102.37818200000038,102.37818200000038,[49.854545],[52.523637],[102.378182]
32452,[3083],1,49.854544999998325,49.854544999998325,52.523637000002054,52.523637000002054,102.37818200000038,102.37818200000038,[49.854545],[52.523637],[102.378182]
32453,[3083],1,49.854544999998325,49.854544999998325,52.523637000002054,52.523637000002054,102.37818200000038,102.37818200000038,[49.854545],[52.523637],[102.378182]
32454,[3083],1,49.854544999998325,49.854544999998325,52.523637000002054,52.523637000002054,102.37818200000038,102.37818200000038,[49.854545],[52.523637],[102.378182]
32455,[3083],1,49.854544999998325,49.854544999998325,52.523637000002054,52.523637000002054,102.37818200000038,102.37818200000038,[49.854545],[52.523637],[102.378182]
32456,[3083],1,49.854544999998325,49.854544999998325,52.523637000002054,52.523637000002054,102.37818200000038,102.37818200000038,[49.854545],[52.523637],[102.378182]
32457,[3083],1,49.854544999998325,49.854544999998325,52.523637000002054,52.523637000002054,102.37818200000038,102.37818200000038,[49.854545],[52.523637],[102.378182]
32458,[3083],1,49.854544999998325,49.854544999998325,52.523637000002054,52.523637000002054,102.37818200000038,102.37818200000038,[49.854545],[52.523637],[102.378182]
32459,[3083],1,49.854544999998325,49.854544999998325,52.523637000002054,52.523637000002054,102.37818200000038,102.37818200000038,[49.854545],[52.523637],[102.378182]
32460,[3083],1,49.854544999998325,49.854544999998325,52.523637000002054,52.523637000002054,102.37818200000038,102.37818200000038,[49.854545],[52.523637],[102.378182]
32461,[3083],1,49.854544999998325,49.854544999998325,52.523637000002054,52.523637000002054,102.37818200000038,102.37818200000038,[49.854545],[52.523637],[102.378182]
32462,[3083],1,49.854544999998325,49.854544999998325,52.523637000002054,52.523637000002054,102.37818200000038,102.37818200000038,[49.854545],[52.523637],[102.378182]
32463,[3083],1,49.854544999998325,49.854544999998325,52.523637000002054,52.523637000002054,102.37818200000038,102.37818200000038,[49.854545],[52.523637],[102.378182]
32464,[3083],1,49.854544999998325,49.854544999998325,52.523637000002054,52.523637000002054,102.37818200000038,102.37818200000038,[49.854545],[52.523637],[102.378182]
32465,[3083],1,49.854544999998325,49.854544999998325,52.523637000002054,52.523637000002054,102.37818200000038,102.37818200000038,[49.854545],[52.523637],[102.378182]
32466,[3083],1,49.854544999998325,49.854544999998325,52.523637000002054,52.523637000002054,102.37818200000038,102.37818200000038,[49.854545],[52.523637],[102.378182]
32467,[3083],1,49.854544999998325,49.854544999998325,52.523637000002054,52.523637000002054,102.37818200000038,102.37818200000038,[49.854545],[52.523637],[102.378182]
32468,[3083],1,49.854544999998325,49.854544999998325,52.523637000002054,52.523637000002054,102.37818200000038,102.37818200000038,[49.854545],[52.523637],[102.378182]
32469,[3083],1,49.854544999998325,49.854544999998325,52.523637000002054,52.523637000002054,102.37818200000038,102.37818200000038,[49.854545],[52.523637],[102.378182]
32470,[3083],1,49.854544999998325,49.854544999998325,52.523637000002054,52.523637000002054,102.37818200000038,102.37818200000038,[49.854545],[52.523637],[102.378182]
32471,[3083],1,49.854544999998325,49.854544999998325,52.523637000002054,52.523637000002054,102.37818200000038,102.37818200000038,[49.854545],[52.523637],[102.378182]
32472,[3083],1,49.854544999998325,49.854544999998325,52.523637000002054,52.523637000002054,102.37818200000038,102.37818200000038,[49.854545],[52.523637],[102.378182]
32473,[3083],1,49.854544999998325,49.854544999998325,52.523637000002054,52.523637000002054,102.37818200000038,102.37818200000038,[49.854545],[52.523637],[102.378182]
32474,[3083],1,49.854544999998325,49.854544999998325,52.523637000002054,52.523637000002054,102.37818200000038,102.37818200000038,[49.854545],[52.523637],[102.378182]
32475,[3083],1,49.854544999998325,49.854544999998325,52.523637000002054,52.523637000002054,102.37818200000038,102.37818200000038,[49.854545],[52.523637],[102.378182]
32476,[3083],1,49.854544999998325,49.854544999998325,52.523637000002054,52.523637000002054,102.37818200000038,102.37818200000038,[49.854545],[52.523637],[102.378182]
32477,[3083],1,49.854544999998325,49.854544999998325,52.523637000002054,52.523637000002054,102.37818200000038,102.37818200000038,[49.854545],[52.523637],[102.378182]
32478,[3083],1,49.854544999998325,49.854544999998325,52.523637000002054,52.523637000002054,102.37818200000038,102.37818200000038,[49.854545],[52.523637],[102.378182]
32479,[3083],1,49.854544999998325,49.854544999998325,52.523637000002054,52.523637000002054,102.37818200000038,102.37818200000038,[49.854545],[52.523637],[102.378182]
32480,[3083],1,49.854544999998325,49.854544999998325,52.523637000002054,52.523637000002054,102.37818200000038,102.37818200000038,[49.854545],[52.523637],[102.378182]
32481,[3083],1,49.854544999998325,49.854544999998325,52.523637000002054,52.523637000002054,102.37818200000038,102.37818200000038,[49.854545],[52.523637],[102.378182]
32482,[3083],1,49.854544999998325,49.854544999998325,52.523637000002054,52.523637000002054,102.37818200000038,102.37818200000038,[49.854545],[52.523637],[102.378182]
32483,[3083],1,49.854544999998325,49.854544999998325,52.523637000002054,52.523637000002054,102.37818200000038,102.37818200000038,[49.854545],[52.523637],[102.378182]
32484,[3083],1,49.854544999998325,49.854544999998325,52.523637000002054,52.523637000002054,102.37818200000038,102.37818200000038,[49.854545],[52.523637],[102.378182]
32485,[3083],1,49.854544999998325,49.854544999998325,52.523637000002054,52.523637000002054,102.37818200000038,102.37818200000038,[49.854545],[52.523637],[102.378182]
32486,[3083],1,49.854544999998325,49.854544999998325,52.523637000002054,52.523637000002054,102.37818200000038,102.37818200000038,[49.854545],[52.523637],[102.378182]
32487,[3083],1,49.854544999998325,49.854544999998325,52.523637000002054,52.523637000002054,102.37818200000038,102.37818200000038,[49.854545],[52.523637],[102.378182]
32488,[3083],1,49.854544999998325,49.854544999998325,52.523637000002054,52.523637000002054,102.37818200000038,102.37818200000038,[49.854545],[52.523637],[102.378182]
32489,[3083],1,49.854544999998325,49.854544999998325,52.523637000002054,52.523637000002054,102.37818200000038,102.37818200000038,[49.854545],[52.523637],[102.378182]
32490,[3083],1,49.854544999998325,49.854544999998325,52.523637000002054,52.523637000002054,102.37818200000038,102.37818200000038,[49.854545],[52.523637],[102.378182]
32491,[3083],1,49.854544999998325,49.854544999998325,52.523637000002054,52.523637000002054,102.37818200000038,102.37818200000038,[49.854545],[52.523637],[102.378182]
32492,[3083],1,49.854544999998325,49.854544999998325,52.523637000002054,52.523637000002054,102.37818200000038,102.37818200000038,[49.854545],[52.523637],[102.378182]
32493,[3083],1,49.854544999998325,49.854544999998325,52.523637000002054,52.523637000002054,102.37818200000038,102.37818200000038,[49.854545],[52.523637],[102.378182]
32494,[3083],1,49.854544999998325,49.854544999998325,52.523637000002054,52.523637000002054,102.37818200000038,102.37818200000038,[49.854545],[52.523637],[102.378182]
32495,[3083],1,49.854544999998325,49.854544999998325,52.523637000002054,52.523637000002054,102.37818200000038,102.37818200000038,[49.854545],[52.523637],[102.378182]
32496,[3083],1,49.854544999998325,49.854544999998325,52.523637000002054,52.523637000002054,102.37818200000038,102.37818200000038,[49.854545],[52.523637],[102.378182]
32497,[3083],1,49.854544999998325,49.854544999998325,52.523637000002054,52.523637000002054,102.37818200000038,102.37818200000038,[49.854545],[52.523637],[102.378182]
32498,[3083],1,49.854544999998325,49.854544999998325,52.523637000002054,52.523637000002054,102.37818200000038,102.37818200000038,[49.854545],[52.523637],[102.378182]
32499,[],0,0.0,0.0,0.0,0.0,0.0,0.0,[],[],[]
32500,[],0,0.0,0.0,0.0,0.0,0.0,0.0,[],[],[]
32501,[],0,0.0,0.0,0.0,0.0,0.0,0.0,[],[],[]
32502,[],0,0.0,0.0,0.0,0.0,0.0,0.0,[],[],[]
32503,[3124],1,0.0,0.0,29.75454499999978,29.75454499999978,29.75454499999978,29.75454499999978,[0.],[29.754545],[29.754545]
32504,[],0,0.0,0.0,0.0,0.0,0.0,0.0,[],[],[]
32505,[],0,0.0,0.0,0.0,0.0,0.0,0.0,[],[],[]
32506,[],0,0.0,0.0,0.0,0.0,0.0,0.0,[],[],[]
32507,[],0,0.0,0.0,0.0,0.0,0.0,0.0,[],[],[]
32508,[],0,0.0,0.0,0.0,0.0,0.0,0.0,[],[],[]
32509,[],0,0.0,0.0,0.0,0.0,0.0,0.0,[],[],[]
32510,[],0,0.0,0.0,0.0,0.0,0.0,0.0,[],[],[]
32511,[],0,0.0,0.0,0.0,0.0,0.0,0.0,[],[],[]
32512,[],0,0.0,0.0,0.0,0.0,0.0,0.0,[],[],[]
32513,[],0,0.0,0.0,0.0,0.0,0.0,0.0,[],[],[]
32514,[],0,0.0,0.0,0.0,0.0,0.0,0.0,[],[],[]
32515,[],0,0.0,0.0,0.0,0.0,0.0,0.0,[],[],[]
32516,[],0,0.0,0.0,0.0,0.0,0.0,0.0,[],[],[]
32517,[],0,0.0,0.0,0.0,0.0,0.0,0.0,[],[],[]
32518,[],0,0.0,0.0,0.0,0.0,0.0,0.0,[],[],[]
32519,[],0,0.0,0.0,0.0,0.0,0.0,0.0,[],[],[]
32520,[],0,0.0,0.0,0.0,0.0,0.0,0.0,[],[],[]
32521,[],0,0.0,0.0,0.0,0.0,0.0,0.0,[],[],[]
32522,[],0,0.0,0.0,0.0,0.0,0.0,0.0,[],[],[]
32523,[],0,0.0,0.0,0.0,0.0,0.0,0.0,[],[],[]
32524,[],0,0.0,0.0,0.0,0.0,0.0,0.0,[],[],[]
32525,[],0,0.0,0.0,0.0,0.0,0.0,0.0,[],[],[]
32526,[],0,0.0,0.0,0.0,0.0,0.0,0.0,[],[],[]
32527,[],0,0.0,0.0,0.0,0.0,0.0,0.0,[],[],[]
32528,[],0,0.0,0.0,0.0,0.0,0.0,0.0,[],[],[]
32529,[],0,0.0,0.0,0.0,0.0,0.0,0.0,[],[],[]
32530,[],0,0.0,0.0,0.0,0.0,0.0,0.0,[],[],[]
32531,[],0,0.0,0.0,0.0,0.0,0.0,0.0,[],[],[]
32532,[],0,0.0,0.0,0.0,0.0,0.0,0.0,[],[],[]
32533,[],0,0.0,0.0,0.0,0.0,0.0,0.0,[],[],[]
32534,[],0,0.0,0.0,0.0,0.0,0.0,0.0,[],[],[]
32535,[],0,0.0,0.0,0.0,0.0,0.0,0.0,[],[],[]
32536,[],0,0.0,0.0,0.0,0.0,0.0,0.0,[],[],[]
32537,[],0,0.0,0.0,0.0,0.0,0.0,0.0,[],[],[]
32538,[],0,0.0,0.0,0.0,0.0,0.0,0.0,[],[],[]
32539,[],0,0.0,0.0,0.0,0.0,0.0,0.0,[],[],[]
32540,[],0,0.0,0.0,0.0,0.0,0.0,0.0,[],[],[]
32541,[],0,0.0,0.0,0.0,0.0,0.0,0.0,[],[],[]
32542,[],0,0.0,0.0,0.0,0.0,0.0,0.0,[],[],[]
32543,[3153],1,11.799999999999272,11.799999999999272,44.88349999999991,44.88349999999991,56.683499999999185,56.683499999999185,[11.8],[44.8835],[56.6835]
32544,[3153],1,11.799999999999272,11.799999999999272,44.88349999999991,44.88349999999991,56.683499999999185,56.683499999999185,[11.8],[44.8835],[56.6835]
32545,[3153],1,11.799999999999272,11.799999999999272,44.88349999999991,44.88349999999991,56.683499999999185,56.683499999999185,[11.8],[44.8835],[56.6835]
32546,[3153],1,11.799999999999272,11.799999999999272,44.88349999999991,44.88349999999991,56.683499999999185,56.683499999999185,[11.8],[44.8835],[56.6835]
32547,[3153],1,11.799999999999272,11.799999999999272,44.88349999999991,44.88349999999991,56.683499999999185,56.683499999999185,[11.8],[44.8835],[56.6835]
32548,[3153],1,11.799999999999272,11.799999999999272,44.88349999999991,44.88349999999991,56.683499999999185,56.683499999999185,[11.8],[44.8835],[56.6835]
32549,[3153],1,11.799999999999272,11.799999999999272,44.88349999999991,44.88349999999991,56.683499999999185,56.683499999999185,[11.8],[44.8835],[56.6835]
32550,[3153],1,11.799999999999272,11.799999999999272,44.88349999999991,44.88349999999991,56.683499999999185,56.683499999999185,[11.8],[44.8835],[56.6835]
32551,[3153],1,11.799999999999272,11.799999999999272,44.88349999999991,44.88349999999991,56.683499999999185,56.683499999999185,[11.8],[44.8835],[56.6835]
32552,[3153],1,11.799999999999272,11.799999999999272,44.88349999999991,44.88349999999991,56.683499999999185,56.683499999999185,[11.8],[44.8835],[56.6835]
32553,[3153],1,11.799999999999272,11.799999999999272,44.88349999999991,44.88349999999991,56.683499999999185,56.683499999999185,[11.8],[44.8835],[56.6835]
32554,[3153],1,11.799999999999272,11.799999999999272,44.88349999999991,44.88349999999991,56.683499999999185,56.683499999999185,[11.8],[44.8835],[56.6835]
32555,[],0,0.0,0.0,0.0,0.0,0.0,0.0,[],[],[]
32556,[],0,0.0,0.0,0.0,0.0,0.0,0.0,[],[],[]
32557,[],0,0.0,0.0,0.0,0.0,0.0,0.0,[],[],[]
32558,[],0,0.0,0.0,0.0,0.0,0.0,0.0,[],[],[]
32559,[],0,0.0,0.0,0.0,0.0,0.0,0.0,[],[],[]
32560,[],0,0.0,0.0,0.0,0.0,0.0,0.0,[],[],[]
32561,[],0,0.0,0.0,0.0,0.0,0.0,0.0,[],[],[]
32562,[],0,0.0,0.0,0.0,0.0,0.0,0.0,[],[],[]
32563,[],0,0.0,0.0,0.0,0.0,0.0,0.0,[],[],[]
32564,[],0,0.0,0.0,0.0,0.0,0.0,0.0,[],[],[]
32565,[],0,0.0,0.0,0.0,0.0,0.0,0.0,[],[],[]
32566,[],0,0.0,0.0,0.0,0.0,0.0,0.0,[],[],[]
32567,[],0,0.0,0.0,0.0,0.0,0.0,0.0,[],[],[]
32568,[],0,0.0,0.0,0.0,0.0,0.0,0.0,[],[],[]
32569,[],0,0.0,0.0,0.0,0.0,0.0,0.0,[],[],[]
32570,[],0,0.0,0.0,0.0,0.0,0.0,0.0,[],[],[]
32571,[],0,0.0,0.0,0.0,0.0,0.0,0.0,[],[],[]
32572,[],0,0.0,0.0,0.0,0.0,0.0,0.0,[],[],[]
32573,[],0,0.0,0.0,0.0,0.0,0.0,0.0,[],[],[]
32574,[],0,0.0,0.0,0.0,0.0,0.0,0.0,[],[],[]
32575,[],0,0.0,0.0,0.0,0.0,0.0,0.0,[],[],[]
32576,[],0,0.0,0.0,0.0,0.0,0.0,0.0,[],[],[]
32577,[3182],1,52.79999999999927,52.79999999999927,29.700000000000728,29.700000000000728,82.5,82.5,[52.8],[29.7],[82.5]
32578,[3182],1,52.79999999999927,52.79999999999927,29.700000000000728,29.700000000000728,82.5,82.5,[52.8],[29.7],[82.5]
32579,[3182],1,52.79999999999927,52.79999999999927,29.700000000000728,29.700000000000728,82.5,82.5,[52.8],[29.7],[82.5]
32580,[3182],1,52.79999999999927,52.79999999999927,29.700000000000728,29.700000000000728,82.5,82.5,[52.8],[29.7],[82.5]
32581,[3182],1,52.79999999999927,52.79999999999927,29.700000000000728,29.700000000000728,82.5,82.5,[52.8],[29.7],[82.5]
32582,[3182],1,52.79999999999927,52.79999999999927,29.700000000000728,29.700000000000728,82.5,82.5,[52.8],[29.7],[82.5]
32583,[3182],1,52.79999999999927,52.79999999999927,29.700000000000728,29.700000000000728,82.5,82.5,[52.8],[29.7],[82.5]
32584,[3182],1,52.79999999999927,52.79999999999927,29.700000000000728,29.700000000000728,82.5,82.5,[52.8],[29.7],[82.5]
32585,[3182],1,52.79999999999927,52.79999999999927,29.700000000000728,29.700000000000728,82.5,82.5,[52.8],[29.7],[82.5]
32586,[3182],1,52.79999999999927,52.79999999999927,29.700000000000728,29.700000000000728,82.5,82.5,[52.8],[29.7],[82.5]
32587,[3182],1,52.79999999999927,52.79999999999927,29.700000000000728,29.700000000000728,82.5,82.5,[52.8],[29.7],[82.5]
32588,[3182],1,52.79999999999927,52.79999999999927,29.700000000000728,29.700000000000728,82.5,82.5,[52.8],[29.7],[82.5]
32589,[3182],1,52.79999999999927,52.79999999999927,29.700000000000728,29.700000000000728,82.5,82.5,[52.8],[29.7],[82.5]
32590,[3182],1,52.79999999999927,52.79999999999927,29.700000000000728,29.700000000000728,82.5,82.5,[52.8],[29.7],[82.5]
32591,[3182],1,52.79999999999927,52.79999999999927,29.700000000000728,29.700000000000728,82.5,82.5,[52.8],[29.7],[82.5]
32592,[3182],1,52.79999999999927,52.79999999999927,29.700000000000728,29.700000000000728,82.5,82.5,[52.8],[29.7],[82.5]
32593,[3182],1,52.79999999999927,52.79999999999927,29.700000000000728,29.700000000000728,82.5,82.5,[52.8],[29.7],[82.5]
32594,[3182],1,52.79999999999927,52.79999999999927,29.700000000000728,29.700000000000728,82.5,82.5,[52.8],[29.7],[82.5]
32595,[3182],1,52.79999999999927,52.79999999999927,29.700000000000728,29.700000000000728,82.5,82.5,[52.8],[29.7],[82.5]
32596,[3182],1,52.79999999999927,52.79999999999927,29.700000000000728,29.700000000000728,82.5,82.5,[52.8],[29.7],[82.5]
32597,[3182],1,52.79999999999927,52.79999999999927,29.700000000000728,29.700000000000728,82.5,82.5,[52.8],[29.7],[82.5]
32598,[3182],1,52.79999999999927,52.79999999999927,29.700000000000728,29.700000000000728,82.5,82.5,[52.8],[29.7],[82.5]
32599,[3182],1,52.79999999999927,52.79999999999927,29.700000000000728,29.700000000000728,82.5,82.5,[52.8],[29.7],[82.5]
32600,[3182],1,52.79999999999927,52.79999999999927,29.700000000000728,29.700000000000728,82.5,82.5,[52.8],[29.7],[82.5]
32601,[3182],1,52.79999999999927,52.79999999999927,29.700000000000728,29.700000000000728,82.5,82.5,[52.8],[29.7],[82.5]
32602,[3182],1,52.79999999999927,52.79999999999927,29.700000000000728,29.700000000000728,82.5,82.5,[52.8],[29.7],[82.5]
32603,[3182],1,52.79999999999927,52.79999999999927,29.700000000000728,29.700000000000728,82.5,82.5,[52.8],[29.7],[82.5]
32604,[3182],1,52.79999999999927,52.79999999999927,29.700000000000728,29.700000000000728,82.5,82.5,[52.8],[29.7],[82.5]
32605,[3182],1,52.79999999999927,52.79999999999927,29.700000000000728,29.700000000000728,82.5,82.5,[52.8],[29.7],[82.5]
32606,[3182 3208],2,62.5,72.20000000000073,30.41060599999946,31.121211999998195,92.91060599999946,103.32121199999892,[52.8 72.2],[29.7      31.121212],[ 82.5      103.321212]
32607,[3182 3208],2,62.5,72.20000000000073,30.41060599999946,31.121211999998195,92.91060599999946,103.32121199999892,[52.8 72.2],[29.7      31.121212],[ 82.5      103.321212]
32608,[3182 3208],2,62.5,72.20000000000073,30.41060599999946,31.121211999998195,92.91060599999946,103.32121199999892,[52.8 72.2],[29.7      31.121212],[ 82.5      103.321212]
32609,[3182 3208],2,62.5,72.20000000000073,30.41060599999946,31.121211999998195,92.91060599999946,103.32121199999892,[52.8 72.2],[29.7      31.121212],[ 82.5      103.321212]
32610,[3182 3208],2,62.5,72.20000000000073,30.41060599999946,31.121211999998195,92.91060599999946,103.32121199999892,[52.8 72.2],[29.7      31.121212],[ 82.5      103.321212]
32611,[3182 3208],2,62.5,72.20000000000073,30.41060599999946,31.121211999998195,92.91060599999946,103.32121199999892,[52.8 72.2],[29.7      31.121212],[ 82.5      103.321212]
32612,[3182 3208],2,62.5,72.20000000000073,30.41060599999946,31.121211999998195,92.91060599999946,103.32121199999892,[52.8 72.2],[29.7      31.121212],[ 82.5      103.321212]
32613,[3182 3208],2,62.5,72.20000000000073,30.41060599999946,31.121211999998195,92.91060599999946,103.32121199999892,[52.8 72.2],[29.7      31.121212],[ 82.5      103.321212]
32614,[3182 3208],2,62.5,72.20000000000073,30.41060599999946,31.121211999998195,92.91060599999946,103.32121199999892,[52.8 72.2],[29.7      31.121212],[ 82.5      103.321212]
32615,[3182 3208],2,62.5,72.20000000000073,30.41060599999946,31.121211999998195,92.91060599999946,103.32121199999892,[52.8 72.2],[29.7      31.121212],[ 82.5      103.321212]
32616,[3182 3208],2,62.5,72.20000000000073,30.41060599999946,31.121211999998195,92.91060599999946,103.32121199999892,[52.8 72.2],[29.7      31.121212],[ 82.5      103.321212]
32617,[3182 3208],2,62.5,72.20000000000073,30.41060599999946,31.121211999998195,92.91060599999946,103.32121199999892,[52.8 72.2],[29.7      31.121212],[ 82.5      103.321212]
32618,[3182 3208],2,62.5,72.20000000000073,30.41060599999946,31.121211999998195,92.91060599999946,103.32121199999892,[52.8 72.2],[29.7      31.121212],[ 82.5      103.321212]
32619,[3182 3208],2,62.5,72.20000000000073,30.41060599999946,31.121211999998195,92.91060599999946,103.32121199999892,[52.8 72.2],[29.7      31.121212],[ 82.5      103.321212]
32620,[3182 3208],2,62.5,72.20000000000073,30.41060599999946,31.121211999998195,92.91060599999946,103.32121199999892,[52.8 72.2],[29.7      31.121212],[ 82.5      103.321212]
32621,[3182 3208],2,62.5,72.20000000000073,30.41060599999946,31.121211999998195,92.91060599999946,103.32121199999892,[52.8 72.2],[29.7      31.121212],[ 82.5      103.321212]
32622,[3182 3208],2,62.5,72.20000000000073,30.41060599999946,31.121211999998195,92.91060599999946,103.32121199999892,[52.8 72.2],[29.7      31.121212],[ 82.5      103.321212]
32623,[3182 3208],2,62.5,72.20000000000073,30.41060599999946,31.121211999998195,92.91060599999946,103.32121199999892,[52.8 72.2],[29.7      31.121212],[ 82.5      103.321212]
32624,[3182 3208],2,62.5,72.20000000000073,30.41060599999946,31.121211999998195,92.91060599999946,103.32121199999892,[52.8 72.2],[29.7      31.121212],[ 82.5      103.321212]
32625,[3182 3208],2,62.5,72.20000000000073,30.41060599999946,31.121211999998195,92.91060599999946,103.32121199999892,[52.8 72.2],[29.7      31.121212],[ 82.5      103.321212]
32626,[3182 3208],2,62.5,72.20000000000073,30.41060599999946,31.121211999998195,92.91060599999946,103.32121199999892,[52.8 72.2],[29.7      31.121212],[ 82.5      103.321212]
32627,[3182 3208],2,62.5,72.20000000000073,30.41060599999946,31.121211999998195,92.91060599999946,103.32121199999892,[52.8 72.2],[29.7      31.121212],[ 82.5      103.321212]
32628,[3182 3208],2,62.5,72.20000000000073,30.41060599999946,31.121211999998195,92.91060599999946,103.32121199999892,[52.8 72.2],[29.7      31.121212],[ 82.5      103.321212]
32629,[3182 3208],2,62.5,72.20000000000073,30.41060599999946,31.121211999998195,92.91060599999946,103.32121199999892,[52.8 72.2],[29.7      31.121212],[ 82.5      103.321212]
32630,[3208],1,72.20000000000073,72.20000000000073,31.121211999998195,31.121211999998195,103.32121199999892,103.32121199999892,[72.2],[31.121212],[103.321212]
32631,[3208],1,72.20000000000073,72.20000000000073,31.121211999998195,31.121211999998195,103.32121199999892,103.32121199999892,[72.2],[31.121212],[103.321212]
32632,[3208],1,72.20000000000073,72.20000000000073,31.121211999998195,31.121211999998195,103.32121199999892,103.32121199999892,[72.2],[31.121212],[103.321212]
32633,[3208],1,72.20000000000073,72.20000000000073,31.121211999998195,31.121211999998195,103.32121199999892,103.32121199999892,[72.2],[31.121212],[103.321212]
32634,[3208],1,72.20000000000073,72.20000000000073,31.121211999998195,31.121211999998195,103.32121199999892,103.32121199999892,[72.2],[31.121212],[103.321212]
32635,[3208],1,72.20000000000073,72.20000000000073,31.121211999998195,31.121211999998195,103.32121199999892,103.32121199999892,[72.2],[31.121212],[103.321212]
32636,[3208],1,72.20000000000073,72.20000000000073,31.121211999998195,31.121211999998195,103.32121199999892,103.32121199999892,[72.2],[31.121212],[103.321212]
32637,[3208],1,72.20000000000073,72.20000000000073,31.121211999998195,31.121211999998195,103.32121199999892,103.32121199999892,[72.2],[31.121212],[103.321212]
32638,[3208],1,72.20000000000073,72.20000000000073,31.121211999998195,31.121211999998195,103.32121199999892,103.32121199999892,[72.2],[31.121212],[103.321212]
32639,[3208],1,72.20000000000073,72.20000000000073,31.121211999998195,31.121211999998195,103.32121199999892,103.32121199999892,[72.2],[31.121212],[103.321212]
32640,[3208],1,72.20000000000073,72.20000000000073,31.121211999998195,31.121211999998195,103.32121199999892,103.32121199999892,[72.2],[31.121212],[103.321212]
32641,[3208],1,72.20000000000073,72.20000000000073,31.121211999998195,31.121211999998195,103.32121199999892,103.32121199999892,[72.2],[31.121212],[103.321212]
32642,[3208],1,72.20000000000073,72.20000000000073,31.121211999998195,31.121211999998195,103.32121199999892,103.32121199999892,[72.2],[31.121212],[103.321212]
32643,[3208],1,72.20000000000073,72.20000000000073,31.121211999998195,31.121211999998195,103.32121199999892,103.32121199999892,[72.2],[31.121212],[103.321212]
32644,[3208],1,72.20000000000073,72.20000000000073,31.121211999998195,31.121211999998195,103.32121199999892,103.32121199999892,[72.2],[31.121212],[103.321212]
32645,[3208],1,72.20000000000073,72.20000000000073,31.121211999998195,31.121211999998195,103.32121199999892,103.32121199999892,[72.2],[31.121212],[103.321212]
32646,[3208],1,72.20000000000073,72.20000000000073,31.121211999998195,31.121211999998195,103.32121199999892,103.32121199999892,[72.2],[31.121212],[103.321212]
32647,[3208],1,72.20000000000073,72.20000000000073,31.121211999998195,31.121211999998195,103.32121199999892,103.32121199999892,[72.2],[31.121212],[103.321212]
32648,[3208],1,72.20000000000073,72.20000000000073,31.121211999998195,31.121211999998195,103.32121199999892,103.32121199999892,[72.2],[31.121212],[103.321212]
32649,[3208],1,72.20000000000073,72.20000000000073,31.121211999998195,31.121211999998195,103.32121199999892,103.32121199999892,[72.2],[31.121212],[103.321212]
32650,[3208],1,72.20000000000073,72.20000000000073,31.121211999998195,31.121211999998195,103.32121199999892,103.32121199999892,[72.2],[31.121212],[103.321212]
32651,[3208],1,72.20000000000073,72.20000000000073,31.121211999998195,31.121211999998195,103.32121199999892,103.32121199999892,[72.2],[31.121212],[103.321212]
32652,[3208],1,72.20000000000073,72.20000000000073,31.121211999998195,31.121211999998195,103.32121199999892,103.32121199999892,[72.2],[31.121212],[103.321212]
32653,[3208],1,72.20000000000073,72.20000000000073,31.121211999998195,31.121211999998195,103.32121199999892,103.32121199999892,[72.2],[31.121212],[103.321212]
32654,[3208],1,72.20000000000073,72.20000000000073,31.121211999998195,31.121211999998195,103.32121199999892,103.32121199999892,[72.2],[31.121212],[103.321212]
32655,[3208],1,72.20000000000073,72.20000000000073,31.121211999998195,31.121211999998195,103.32121199999892,103.32121199999892,[72.2],[31.121212],[103.321212]
32656,[3208],1,72.20000000000073,72.20000000000073,31.121211999998195,31.121211999998195,103.32121199999892,103.32121199999892,[72.2],[31.121212],[103.321212]
32657,[3208],1,72.20000000000073,72.20000000000073,31.121211999998195,31.121211999998195,103.32121199999892,103.32121199999892,[72.2],[31.121212],[103.321212]
32658,[3208],1,72.20000000000073,72.20000000000073,31.121211999998195,31.121211999998195,103.32121199999892,103.32121199999892,[72.2],[31.121212],[103.321212]
32659,[3208],1,72.20000000000073,72.20000000000073,31.121211999998195,31.121211999998195,103.32121199999892,103.32121199999892,[72.2],[31.121212],[103.321212]
32660,[3208],1,72.20000000000073,72.20000000000073,31.121211999998195,31.121211999998195,103.32121199999892,103.32121199999892,[72.2],[31.121212],[103.321212]
32661,[3208],1,72.20000000000073,72.20000000000073,31.121211999998195,31.121211999998195,103.32121199999892,103.32121199999892,[72.2],[31.121212],[103.321212]
32662,[3208],1,72.20000000000073,72.20000000000073,31.121211999998195,31.121211999998195,103.32121199999892,103.32121199999892,[72.2],[31.121212],[103.321212]
32663,[3208],1,72.20000000000073,72.20000000000073,31.121211999998195,31.121211999998195,103.32121199999892,103.32121199999892,[72.2],[31.121212],[103.321212]
32664,[3208],1,72.20000000000073,72.20000000000073,31.121211999998195,31.121211999998195,103.32121199999892,103.32121199999892,[72.2],[31.121212],[103.321212]
32665,[3208],1,72.20000000000073,72.20000000000073,31.121211999998195,31.121211999998195,103.32121199999892,103.32121199999892,[72.2],[31.121212],[103.321212]
32666,[3208],1,72.20000000000073,72.20000000000073,31.121211999998195,31.121211999998195,103.32121199999892,103.32121199999892,[72.2],[31.121212],[103.321212]
32667,[3208],1,72.20000000000073,72.20000000000073,31.121211999998195,31.121211999998195,103.32121199999892,103.32121199999892,[72.2],[31.121212],[103.321212]
32668,[3208],1,72.20000000000073,72.20000000000073,31.121211999998195,31.121211999998195,103.32121199999892,103.32121199999892,[72.2],[31.121212],[103.321212]
32669,[3208],1,72.20000000000073,72.20000000000073,31.121211999998195,31.121211999998195,103.32121199999892,103.32121199999892,[72.2],[31.121212],[103.321212]
32670,[3208],1,72.20000000000073,72.20000000000073,31.121211999998195,31.121211999998195,103.32121199999892,103.32121199999892,[72.2],[31.121212],[103.321212]
32671,[3208],1,72.20000000000073,72.20000000000073,31.121211999998195,31.121211999998195,103.32121199999892,103.32121199999892,[72.2],[31.121212],[103.321212]
32672,[3208],1,72.20000000000073,72.20000000000073,31.121211999998195,31.121211999998195,103.32121199999892,103.32121199999892,[72.2],[31.121212],[103.321212]
32673,[3208],1,72.20000000000073,72.20000000000073,31.121211999998195,31.121211999998195,103.32121199999892,103.32121199999892,[72.2],[31.121212],[103.321212]
32674,[3208],1,72.20000000000073,72.20000000000073,31.121211999998195,31.121211999998195,103.32121199999892,103.32121199999892,[72.2],[31.121212],[103.321212]
32675,[3208],1,72.20000000000073,72.20000000000073,31.121211999998195,31.121211999998195,103.32121199999892,103.32121199999892,[72.2],[31.121212],[103.321212]
32676,[3208],1,72.20000000000073,72.20000000000073,31.121211999998195,31.121211999998195,103.32121199999892,103.32121199999892,[72.2],[31.121212],[103.321212]
32677,[3208],1,72.20000000000073,72.20000000000073,31.121211999998195,31.121211999998195,103.32121199999892,103.32121199999892,[72.2],[31.121212],[103.321212]
32678,[3208],1,72.20000000000073,72.20000000000073,31.121211999998195,31.121211999998195,103.32121199999892,103.32121199999892,[72.2],[31.121212],[103.321212]
32679,[],0,0.0,0.0,0.0,0.0,0.0,0.0,[],[],[]
32680,[],0,0.0,0.0,0.0,0.0,0.0,0.0,[],[],[]
32681,[],0,0.0,0.0,0.0,0.0,0.0,0.0,[],[],[]
32682,[],0,0.0,0.0,0.0,0.0,0.0,0.0,[],[],[]
32683,[],0,0.0,0.0,0.0,0.0,0.0,0.0,[],[],[]
32684,[],0,0.0,0.0,0.0,0.0,0.0,0.0,[],[],[]
32685,[],0,0.0,0.0,0.0,0.0,0.0,0.0,[],[],[]
32686,[],0,0.0,0.0,0.0,0.0,0.0,0.0,[],[],[]
32687,[],0,0.0,0.0,0.0,0.0,0.0,0.0,[],[],[]
32688,[],0,0.0,0.0,0.0,0.0,0.0,0.0,[],[],[]
32689,[],0,0.0,0.0,0.0,0.0,0.0,0.0,[],[],[]
32690,[],0,0.0,0.0,0.0,0.0,0.0,0.0,[],[],[]
32691,[],0,0.0,0.0,0.0,0.0,0.0,0.0,[],[],[]
32692,[],0,0.0,0.0,0.0,0.0,0.0,0.0,[],[],[]
32693,[],0,0.0,0.0,0.0,0.0,0.0,0.0,[],[],[]
32694,[],0,0.0,0.0,0.0,0.0,0.0,0.0,[],[],[]
32695,[],0,0.0,0.0,0.0,0.0,0.0,0.0,[],[],[]
32696,[],0,0.0,0.0,0.0,0.0,0.0,0.0,[],[],[]
32697,[],0,0.0,0.0,0.0,0.0,0.0,0.0,[],[],[]
32698,[],0,0.0,0.0,0.0,0.0,0.0,0.0,[],[],[]
32699,[],0,0.0,0.0,0.0,0.0,0.0,0.0,[],[],[]
32700,[],0,0.0,0.0,0.0,0.0,0.0,0.0,[],[],[]
32701,[],0,0.0,0.0,0.0,0.0,0.0,0.0,[],[],[]
32702,[],0,0.0,0.0,0.0,0.0,0.0,0.0,[],[],[]
32703,[],0,0.0,0.0,0.0,0.0,0.0,0.0,[],[],[]
32704,[],0,0.0,0.0,0.0,0.0,0.0,0.0,[],[],[]
32705,[3275],1,91.69999999999709,91.69999999999709,33.700000000004366,33.700000000004366,125.40000000000146,125.40000000000146,[91.7],[33.7],[125.4]
32706,[3275],1,91.69999999999709,91.69999999999709,33.700000000004366,33.700000000004366,125.40000000000146,125.40000000000146,[91.7],[33.7],[125.4]
32707,[3275],1,91.69999999999709,91.69999999999709,33.700000000004366,33.700000000004366,125.40000000000146,125.40000000000146,[91.7],[33.7],[125.4]
32708,[3275],1,91.69999999999709,91.69999999999709,33.700000000004366,33.700000000004366,125.40000000000146,125.40000000000146,[91.7],[33.7],[125.4]
32709,[3275],1,91.69999999999709,91.69999999999709,33.700000000004366,33.700000000004366,125.40000000000146,125.40000000000146,[91.7],[33.7],[125.4]
32710,[3275],1,91.69999999999709,91.69999999999709,33.700000000004366,33.700000000004366,125.40000000000146,125.40000000000146,[91.7],[33.7],[125.4]
32711,[3275],1,91.69999999999709,91.69999999999709,33.700000000004366,33.700000000004366,125.40000000000146,125.40000000000146,[91.7],[33.7],[125.4]
32712,[3275],1,91.69999999999709,91.69999999999709,33.700000000004366,33.700000000004366,125.40000000000146,125.40000000000146,[91.7],[33.7],[125.4]
32713,[3275],1,91.69999999999709,91.69999999999709,33.700000000004366,33.700000000004366,125.40000000000146,125.40000000000146,[91.7],[33.7],[125.4]
32714,[3275],1,91.69999999999709,91.69999999999709,33.700000000004366,33.700000000004366,125.40000000000146,125.40000000000146,[91.7],[33.7],[125.4]
32715,[3275],1,91.69999999999709,91.69999999999709,33.700000000004366,33.700000000004366,125.40000000000146,125.40000000000146,[91.7],[33.7],[125.4]
32716,[3275],1,91.69999999999709,91.69999999999709,33.700000000004366,33.700000000004366,125.40000000000146,125.40000000000146,[91.7],[33.7],[125.4]
32717,[3275],1,91.69999999999709,91.69999999999709,33.700000000004366,33.700000000004366,125.40000000000146,125.40000000000146,[91.7],[33.7],[125.4]
32718,[3275],1,91.69999999999709,91.69999999999709,33.700000000004366,33.700000000004366,125.40000000000146,125.40000000000146,[91.7],[33.7],[125.4]
32719,[3275],1,91.69999999999709,91.69999999999709,33.700000000004366,33.700000000004366,125.40000000000146,125.40000000000146,[91.7],[33.7],[125.4]
32720,[3275],1,91.69999999999709,91.69999999999709,33.700000000004366,33.700000000004366,125.40000000000146,125.40000000000146,[91.7],[33.7],[125.4]
32721,[3275 3289],2,78.0,91.69999999999709,31.0,33.700000000004366,109.0,125.40000000000146,[91.7 64.3],[33.7 28.3],[125.4  92.6]
32722,[3275 3289],2,78.0,91.69999999999709,31.0,33.700000000004366,109.0,125.40000000000146,[91.7 64.3],[33.7 28.3],[125.4  92.6]
32723,[3275 3289],2,78.0,91.69999999999709,31.0,33.700000000004366,109.0,125.40000000000146,[91.7 64.3],[33.7 28.3],[125.4  92.6]
32724,[3275 3289],2,78.0,91.69999999999709,31.0,33.700000000004366,109.0,125.40000000000146,[91.7 64.3],[33.7 28.3],[125.4  92.6]
32725,[3275 3289],2,78.0,91.69999999999709,31.0,33.700000000004366,109.0,125.40000000000146,[91.7 64.3],[33.7 28.3],[125.4  92.6]
32726,[3275 3289],2,78.0,91.69999999999709,31.0,33.700000000004366,109.0,125.40000000000146,[91.7 64.3],[33.7 28.3],[125.4  92.6]
32727,[3275 3289],2,78.0,91.69999999999709,31.0,33.700000000004366,109.0,125.40000000000146,[91.7 64.3],[33.7 28.3],[125.4  92.6]
32728,[3275 3289],2,78.0,91.69999999999709,31.0,33.700000000004366,109.0,125.40000000000146,[91.7 64.3],[33.7 28.3],[125.4  92.6]
32729,[3275 3289],2,78.0,91.69999999999709,31.0,33.700000000004366,109.0,125.40000000000146,[91.7 64.3],[33.7 28.3],[125.4  92.6]
32730,[3275 3289],2,78.0,91.69999999999709,31.0,33.700000000004366,109.0,125.40000000000146,[91.7 64.3],[33.7 28.3],[125.4  92.6]
32731,[3275 3289],2,78.0,91.69999999999709,31.0,33.700000000004366,109.0,125.40000000000146,[91.7 64.3],[33.7 28.3],[125.4  92.6]
32732,[3275 3289],2,78.0,91.69999999999709,31.0,33.700000000004366,109.0,125.40000000000146,[91.7 64.3],[33.7 28.3],[125.4  92.6]
32733,[3275 3289],2,78.0,91.69999999999709,31.0,33.700000000004366,109.0,125.40000000000146,[91.7 64.3],[33.7 28.3],[125.4  92.6]
32734,[3275 3289],2,78.0,91.69999999999709,31.0,33.700000000004366,109.0,125.40000000000146,[91.7 64.3],[33.7 28.3],[125.4  92.6]
32735,[3275 3289],2,78.0,91.69999999999709,31.0,33.700000000004366,109.0,125.40000000000146,[91.7 64.3],[33.7 28.3],[125.4  92.6]
32736,[3275 3289],2,78.0,91.69999999999709,31.0,33.700000000004366,109.0,125.40000000000146,[91.7 64.3],[33.7 28.3],[125.4  92.6]
32737,[3275 3289],2,78.0,91.69999999999709,31.0,33.700000000004366,109.0,125.40000000000146,[91.7 64.3],[33.7 28.3],[125.4  92.6]
32738,[3275 3289],2,78.0,91.69999999999709,31.0,33.700000000004366,109.0,125.40000000000146,[91.7 64.3],[33.7 28.3],[125.4  92.6]
32739,[3275 3289],2,78.0,91.69999999999709,31.0,33.700000000004366,109.0,125.40000000000146,[91.7 64.3],[33.7 28.3],[125.4  92.6]
32740,[3275 3289],2,78.0,91.69999999999709,31.0,33.700000000004366,109.0,125.40000000000146,[91.7 64.3],[33.7 28.3],[125.4  92.6]
32741,[3275 3289],2,78.0,91.69999999999709,31.0,33.700000000004366,109.0,125.40000000000146,[91.7 64.3],[33.7 28.3],[125.4  92.6]
32742,[3275 3289],2,78.0,91.69999999999709,31.0,33.700000000004366,109.0,125.40000000000146,[91.7 64.3],[33.7 28.3],[125.4  92.6]
32743,[3275 3289],2,78.0,91.69999999999709,31.0,33.700000000004366,109.0,125.40000000000146,[91.7 64.3],[33.7 28.3],[125.4  92.6]
32744,[3275 3289],2,78.0,91.69999999999709,31.0,33.700000000004366,109.0,125.40000000000146,[91.7 64.3],[33.7 28.3],[125.4  92.6]
32745,[3275 3289],2,78.0,91.69999999999709,31.0,33.700000000004366,109.0,125.40000000000146,[91.7 64.3],[33.7 28.3],[125.4  92.6]
32746,[3275 3289],2,78.0,91.69999999999709,31.0,33.700000000004366,109.0,125.40000000000146,[91.7 64.3],[33.7 28.3],[125.4  92.6]
32747,[3275 3289],2,78.0,91.69999999999709,31.0,33.700000000004366,109.0,125.40000000000146,[91.7 64.3],[33.7 28.3],[125.4  92.6]
32748,[3275 3289],2,78.0,91.69999999999709,31.0,33.700000000004366,109.0,125.40000000000146,[91.7 64.3],[33.7 28.3],[125.4  92.6]
32749,[3275 3289],2,78.0,91.69999999999709,31.0,33.700000000004366,109.0,125.40000000000146,[91.7 64.3],[33.7 28.3],[125.4  92.6]
32750,[3275 3289],2,78.0,91.69999999999709,31.0,33.700000000004366,109.0,125.40000000000146,[91.7 64.3],[33.7 28.3],[125.4  92.6]
32751,[3275 3289],2,78.0,91.69999999999709,31.0,33.700000000004366,109.0,125.40000000000146,[91.7 64.3],[33.7 28.3],[125.4  92.6]
32752,[3275 3289],2,78.0,91.69999999999709,31.0,33.700000000004366,109.0,125.40000000000146,[91.7 64.3],[33.7 28.3],[125.4  92.6]
32753,[3275 3289],2,78.0,91.69999999999709,31.0,33.700000000004366,109.0,125.40000000000146,[91.7 64.3],[33.7 28.3],[125.4  92.6]
32754,[3275 3289],2,78.0,91.69999999999709,31.0,33.700000000004366,109.0,125.40000000000146,[91.7 64.3],[33.7 28.3],[125.4  92.6]
32755,[3275 3289],2,78.0,91.69999999999709,31.0,33.700000000004366,109.0,125.40000000000146,[91.7 64.3],[33.7 28.3],[125.4  92.6]
32756,[3275 3289],2,78.0,91.69999999999709,31.0,33.700000000004366,109.0,125.40000000000146,[91.7 64.3],[33.7 28.3],[125.4  92.6]
32757,[3275 3289],2,78.0,91.69999999999709,31.0,33.700000000004366,109.0,125.40000000000146,[91.7 64.3],[33.7 28.3],[125.4  92.6]
32758,[3275 3289],2,78.0,91.69999999999709,31.0,33.700000000004366,109.0,125.40000000000146,[91.7 64.3],[33.7 28.3],[125.4  92.6]
32759,[3275 3289],2,78.0,91.69999999999709,31.0,33.700000000004366,109.0,125.40000000000146,[91.7 64.3],[33.7 28.3],[125.4  92.6]
32760,[3275 3289],2,78.0,91.69999999999709,31.0,33.700000000004366,109.0,125.40000000000146,[91.7 64.3],[33.7 28.3],[125.4  92.6]
32761,[3275 3289],2,78.0,91.69999999999709,31.0,33.700000000004366,109.0,125.40000000000146,[91.7 64.3],[33.7 28.3],[125.4  92.6]
32762,[3275 3289],2,78.0,91.69999999999709,31.0,33.700000000004366,109.0,125.40000000000146,[91.7 64.3],[33.7 28.3],[125.4  92.6]
32763,[3275 3289],2,78.0,91.69999999999709,31.0,33.700000000004366,109.0,125.40000000000146,[91.7 64.3],[33.7 28.3],[125.4  92.6]
32764,[3275 3289],2,78.0,91.69999999999709,31.0,33.700000000004366,109.0,125.40000000000146,[91.7 64.3],[33.7 28.3],[125.4  92.6]
32765,[3275 3289],2,78.0,91.69999999999709,31.0,33.700000000004366,109.0,125.40000000000146,[91.7 64.3],[33.7 28.3],[125.4  92.6]
32766,[3275 3289],2,78.0,91.69999999999709,31.0,33.700000000004366,109.0,125.40000000000146,[91.7 64.3],[33.7 28.3],[125.4  92.6]
32767,[3275 3289],2,78.0,91.69999999999709,31.0,33.700000000004366,109.0,125.40000000000146,[91.7 64.3],[33.7 28.3],[125.4  92.6]
32768,[3275 3289],2,78.0,91.69999999999709,31.0,33.700000000004366,109.0,125.40000000000146,[91.7 64.3],[33.7 28.3],[125.4  92.6]
32769,[3275 3289],2,78.0,91.69999999999709,31.0,33.700000000004366,109.0,125.40000000000146,[91.7 64.3],[33.7 28.3],[125.4  92.6]
32770,[3275 3289],2,78.0,91.69999999999709,31.0,33.700000000004366,109.0,125.40000000000146,[91.7 64.3],[33.7 28.3],[125.4  92.6]
32771,[3275 3289],2,78.0,91.69999999999709,31.0,33.700000000004366,109.0,125.40000000000146,[91.7 64.3],[33.7 28.3],[125.4  92.6]
32772,[3275 3289],2,78.0,91.69999999999709,31.0,33.700000000004366,109.0,125.40000000000146,[91.7 64.3],[33.7 28.3],[125.4  92.6]
32773,[3275 3289],2,78.0,91.69999999999709,31.0,33.700000000004366,109.0,125.40000000000146,[91.7 64.3],[33.7 28.3],[125.4  92.6]
32774,[3275 3289],2,78.0,91.69999999999709,31.0,33.700000000004366,109.0,125.40000000000146,[91.7 64.3],[33.7 28.3],[125.4  92.6]
32775,[3275 3289],2,78.0,91.69999999999709,31.0,33.700000000004366,109.0,125.40000000000146,[91.7 64.3],[33.7 28.3],[125.4  92.6]
32776,[3275 3289],2,78.0,91.69999999999709,31.0,33.700000000004366,109.0,125.40000000000146,[91.7 64.3],[33.7 28.3],[125.4  92.6]
32777,[3275 3289],2,78.0,91.69999999999709,31.0,33.700000000004366,109.0,125.40000000000146,[91.7 64.3],[33.7 28.3],[125.4  92.6]
32778,[3275 3289],2,78.0,91.69999999999709,31.0,33.700000000004366,109.0,125.40000000000146,[91.7 64.3],[33.7 28.3],[125.4  92.6]
32779,[3275 3289],2,78.0,91.69999999999709,31.0,33.700000000004366,109.0,125.40000000000146,[91.7 64.3],[33.7 28.3],[125.4  92.6]
32780,[3275 3289],2,78.0,91.69999999999709,31.0,33.700000000004366,109.0,125.40000000000146,[91.7 64.3],[33.7 28.3],[125.4  92.6]
32781,[3275 3289],2,78.0,91.69999999999709,31.0,33.700000000004366,109.0,125.40000000000146,[91.7 64.3],[33.7 28.3],[125.4  92.6]
32782,[3275 3289],2,78.0,91.69999999999709,31.0,33.700000000004366,109.0,125.40000000000146,[91.7 64.3],[33.7 28.3],[125.4  92.6]
32783,[3275 3289],2,78.0,91.69999999999709,31.0,33.700000000004366,109.0,125.40000000000146,[91.7 64.3],[33.7 28.3],[125.4  92.6]
32784,[3275 3289],2,78.0,91.69999999999709,31.0,33.700000000004366,109.0,125.40000000000146,[91.7 64.3],[33.7 28.3],[125.4  92.6]
32785,[3275 3289],2,78.0,91.69999999999709,31.0,33.700000000004366,109.0,125.40000000000146,[91.7 64.3],[33.7 28.3],[125.4  92.6]
32786,[3275],1,91.69999999999709,91.69999999999709,33.700000000004366,33.700000000004366,125.40000000000146,125.40000000000146,[91.7],[33.7],[125.4]
32787,[3275],1,91.69999999999709,91.69999999999709,33.700000000004366,33.700000000004366,125.40000000000146,125.40000000000146,[91.7],[33.7],[125.4]
32788,[3275],1,91.69999999999709,91.69999999999709,33.700000000004366,33.700000000004366,125.40000000000146,125.40000000000146,[91.7],[33.7],[125.4]
32789,[3275],1,91.69999999999709,91.69999999999709,33.700000000004366,33.700000000004366,125.40000000000146,125.40000000000146,[91.7],[33.7],[125.4]
32790,[3275],1,91.69999999999709,91.69999999999709,33.700000000004366,33.700000000004366,125.40000000000146,125.40000000000146,[91.7],[33.7],[125.4]
32791,[3275],1,91.69999999999709,91.69999999999709,33.700000000004366,33.700000000004366,125.40000000000146,125.40000000000146,[91.7],[33.7],[125.4]
32792,[3275],1,91.69999999999709,91.69999999999709,33.700000000004366,33.700000000004366,125.40000000000146,125.40000000000146,[91.7],[33.7],[125.4]
32793,[3275 3342],2,47.69999999999709,91.69999999999709,49.450000000004366,65.20000000000437,97.15000000000146,125.40000000000146,[91.7  3.7],[33.7 65.2],[125.4  68.9]
32794,[3275 3342],2,47.69999999999709,91.69999999999709,49.450000000004366,65.20000000000437,97.15000000000146,125.40000000000146,[91.7  3.7],[33.7 65.2],[125.4  68.9]
32795,[3275 3342],2,47.69999999999709,91.69999999999709,49.450000000004366,65.20000000000437,97.15000000000146,125.40000000000146,[91.7  3.7],[33.7 65.2],[125.4  68.9]
32796,[3275 3342],2,47.69999999999709,91.69999999999709,49.450000000004366,65.20000000000437,97.15000000000146,125.40000000000146,[91.7  3.7],[33.7 65.2],[125.4  68.9]
32797,[],0,0.0,0.0,0.0,0.0,0.0,0.0,[],[],[]
32798,[],0,0.0,0.0,0.0,0.0,0.0,0.0,[],[],[]
32799,[],0,0.0,0.0,0.0,0.0,0.0,0.0,[],[],[]
32800,[],0,0.0,0.0,0.0,0.0,0.0,0.0,[],[],[]
32801,[],0,0.0,0.0,0.0,0.0,0.0,0.0,[],[],[]
32802,[],0,0.0,0.0,0.0,0.0,0.0,0.0,[],[],[]
32803,[],0,0.0,0.0,0.0,0.0,0.0,0.0,[],[],[]
32804,[],0,0.0,0.0,0.0,0.0,0.0,0.0,[],[],[]
32805,[],0,0.0,0.0,0.0,0.0,0.0,0.0,[],[],[]
32806,[],0,0.0,0.0,0.0,0.0,0.0,0.0,[],[],[]
32807,[],0,0.0,0.0,0.0,0.0,0.0,0.0,[],[],[]
32808,[],0,0.0,0.0,0.0,0.0,0.0,0.0,[],[],[]
32809,[],0,0.0,0.0,0.0,0.0,0.0,0.0,[],[],[]
32810,[],0,0.0,0.0,0.0,0.0,0.0,0.0,[],[],[]
32811,[],0,0.0,0.0,0.0,0.0,0.0,0.0,[],[],[]
32812,[],0,0.0,0.0,0.0,0.0,0.0,0.0,[],[],[]
32813,[],0,0.0,0.0,0.0,0.0,0.0,0.0,[],[],[]
32814,[],0,0.0,0.0,0.0,0.0,0.0,0.0,[],[],[]
32815,[],0,0.0,0.0,0.0,0.0,0.0,0.0,[],[],[]
32816,[],0,0.0,0.0,0.0,0.0,0.0,0.0,[],[],[]
32817,[],0,0.0,0.0,0.0,0.0,0.0,0.0,[],[],[]
32818,[],0,0.0,0.0,0.0,0.0,0.0,0.0,[],[],[]
32819,[],0,0.0,0.0,0.0,0.0,0.0,0.0,[],[],[]
32820,[],0,0.0,0.0,0.0,0.0,0.0,0.0,[],[],[]
32821,[],0,0.0,0.0,0.0,0.0,0.0,0.0,[],[],[]
32822,[],0,0.0,0.0,0.0,0.0,0.0,0.0,[],[],[]
32823,[],0,0.0,0.0,0.0,0.0,0.0,0.0,[],[],[]
32824,[],0,0.0,0.0,0.0,0.0,0.0,0.0,[],[],[]
32825,[],0,0.0,0.0,0.0,0.0,0.0,0.0,[],[],[]
32826,[],0,0.0,0.0,0.0,0.0,0.0,0.0,[],[],[]
32827,[],0,0.0,0.0,0.0,0.0,0.0,0.0,[],[],[]
32828,[],0,0.0,0.0,0.0,0.0,0.0,0.0,[],[],[]
32829,[],0,0.0,0.0,0.0,0.0,0.0,0.0,[],[],[]
32830,[],0,0.0,0.0,0.0,0.0,0.0,0.0,[],[],[]
32831,[],0,0.0,0.0,0.0,0.0,0.0,0.0,[],[],[]
32832,[],0,0.0,0.0,0.0,0.0,0.0,0.0,[],[],[]
32833,[],0,0.0,0.0,0.0,0.0,0.0,0.0,[],[],[]
32834,[],0,0.0,0.0,0.0,0.0,0.0,0.0,[],[],[]
32835,[],0,0.0,0.0,0.0,0.0,0.0,0.0,[],[],[]
32836,[],0,0.0,0.0,0.0,0.0,0.0,0.0,[],[],[]
32837,[],0,0.0,0.0,0.0,0.0,0.0,0.0,[],[],[]
32838,[],0,0.0,0.0,0.0,0.0,0.0,0.0,[],[],[]
32839,[],0,0.0,0.0,0.0,0.0,0.0,0.0,[],[],[]
32840,[],0,0.0,0.0,0.0,0.0,0.0,0.0,[],[],[]
32841,[],0,0.0,0.0,0.0,0.0,0.0,0.0,[],[],[]
32842,[],0,0.0,0.0,0.0,0.0,0.0,0.0,[],[],[]
32843,[],0,0.0,0.0,0.0,0.0,0.0,0.0,[],[],[]
32844,[],0,0.0,0.0,0.0,0.0,0.0,0.0,[],[],[]
32845,[],0,0.0,0.0,0.0,0.0,0.0,0.0,[],[],[]
32846,[],0,0.0,0.0,0.0,0.0,0.0,0.0,[],[],[]
32847,[],0,0.0,0.0,0.0,0.0,0.0,0.0,[],[],[]
32848,[],0,0.0,0.0,0.0,0.0,0.0,0.0,[],[],[]
32849,[],0,0.0,0.0,0.0,0.0,0.0,0.0,[],[],[]
32850,[],0,0.0,0.0,0.0,0.0,0.0,0.0,[],[],[]
32851,[],0,0.0,0.0,0.0,0.0,0.0,0.0,[],[],[]
32852,[],0,0.0,0.0,0.0,0.0,0.0,0.0,[],[],[]
32853,[],0,0.0,0.0,0.0,0.0,0.0,0.0,[],[],[]
32854,[],0,0.0,0.0,0.0,0.0,0.0,0.0,[],[],[]
32855,[],0,0.0,0.0,0.0,0.0,0.0,0.0,[],[],[]
32856,[],0,0.0,0.0,0.0,0.0,0.0,0.0,[],[],[]
32857,[],0,0.0,0.0,0.0,0.0,0.0,0.0,[],[],[]
32858,[],0,0.0,0.0,0.0,0.0,0.0,0.0,[],[],[]
32859,[],0,0.0,0.0,0.0,0.0,0.0,0.0,[],[],[]
32860,[],0,0.0,0.0,0.0,0.0,0.0,0.0,[],[],[]
32861,[],0,0.0,0.0,0.0,0.0,0.0,0.0,[],[],[]
32862,[],0,0.0,0.0,0.0,0.0,0.0,0.0,[],[],[]
32863,[],0,0.0,0.0,0.0,0.0,0.0,0.0,[],[],[]
32864,[],0,0.0,0.0,0.0,0.0,0.0,0.0,[],[],[]
32865,[],0,0.0,0.0,0.0,0.0,0.0,0.0,[],[],[]
32866,[],0,0.0,0.0,0.0,0.0,0.0,0.0,[],[],[]
32867,[],0,0.0,0.0,0.0,0.0,0.0,0.0,[],[],[]
32868,[],0,0.0,0.0,0.0,0.0,0.0,0.0,[],[],[]
32869,[],0,0.0,0.0,0.0,0.0,0.0,0.0,[],[],[]
32870,[],0,0.0,0.0,0.0,0.0,0.0,0.0,[],[],[]
32871,[],0,0.0,0.0,0.0,0.0,0.0,0.0,[],[],[]
32872,[],0,0.0,0.0,0.0,0.0,0.0,0.0,[],[],[]
32873,[],0,0.0,0.0,0.0,0.0,0.0,0.0,[],[],[]
32874,[],0,0.0,0.0,0.0,0.0,0.0,0.0,[],[],[]
32875,[],0,0.0,0.0,0.0,0.0,0.0,0.0,[],[],[]
32876,[],0,0.0,0.0,0.0,0.0,0.0,0.0,[],[],[]
32877,[],0,0.0,0.0,0.0,0.0,0.0,0.0,[],[],[]
32878,[],0,0.0,0.0,0.0,0.0,0.0,0.0,[],[],[]
32879,[],0,0.0,0.0,0.0,0.0,0.0,0.0,[],[],[]
32880,[],0,0.0,0.0,0.0,0.0,0.0,0.0,[],[],[]
32881,[],0,0.0,0.0,0.0,0.0,0.0,0.0,[],[],[]
32882,[],0,0.0,0.0,0.0,0.0,0.0,0.0,[],[],[]
32883,[],0,0.0,0.0,0.0,0.0,0.0,0.0,[],[],[]
32884,[],0,0.0,0.0,0.0,0.0,0.0,0.0,[],[],[]
32885,[],0,0.0,0.0,0.0,0.0,0.0,0.0,[],[],[]
32886,[],0,0.0,0.0,0.0,0.0,0.0,0.0,[],[],[]
32887,[],0,0.0,0.0,0.0,0.0,0.0,0.0,[],[],[]
32888,[],0,0.0,0.0,0.0,0.0,0.0,0.0,[],[],[]
32889,[],0,0.0,0.0,0.0,0.0,0.0,0.0,[],[],[]
32890,[],0,0.0,0.0,0.0,0.0,0.0,0.0,[],[],[]
32891,[],0,0.0,0.0,0.0,0.0,0.0,0.0,[],[],[]
32892,[],0,0.0,0.0,0.0,0.0,0.0,0.0,[],[],[]
32893,[],0,0.0,0.0,0.0,0.0,0.0,0.0,[],[],[]
32894,[],0,0.0,0.0,0.0,0.0,0.0,0.0,[],[],[]
32895,[],0,0.0,0.0,0.0,0.0,0.0,0.0,[],[],[]
32896,[],0,0.0,0.0,0.0,0.0,0.0,0.0,[],[],[]
32897,[],0,0.0,0.0,0.0,0.0,0.0,0.0,[],[],[]
32898,[],0,0.0,0.0,0.0,0.0,0.0,0.0,[],[],[]
32899,[],0,0.0,0.0,0.0,0.0,0.0,0.0,[],[],[]
32900,[],0,0.0,0.0,0.0,0.0,0.0,0.0,[],[],[]
32901,[],0,0.0,0.0,0.0,0.0,0.0,0.0,[],[],[]
32902,[],0,0.0,0.0,0.0,0.0,0.0,0.0,[],[],[]
32903,[],0,0.0,0.0,0.0,0.0,0.0,0.0,[],[],[]
32904,[],0,0.0,0.0,0.0,0.0,0.0,0.0,[],[],[]
32905,[],0,0.0,0.0,0.0,0.0,0.0,0.0,[],[],[]
32906,[],0,0.0,0.0,0.0,0.0,0.0,0.0,[],[],[]
32907,[],0,0.0,0.0,0.0,0.0,0.0,0.0,[],[],[]
32908,[],0,0.0,0.0,0.0,0.0,0.0,0.0,[],[],[]
32909,[],0,0.0,0.0,0.0,0.0,0.0,0.0,[],[],[]
32910,[],0,0.0,0.0,0.0,0.0,0.0,0.0,[],[],[]
32911,[],0,0.0,0.0,0.0,0.0,0.0,0.0,[],[],[]
32912,[],0,0.0,0.0,0.0,0.0,0.0,0.0,[],[],[]
32913,[],0,0.0,0.0,0.0,0.0,0.0,0.0,[],[],[]
32914,[],0,0.0,0.0,0.0,0.0,0.0,0.0,[],[],[]
32915,[],0,0.0,0.0,0.0,0.0,0.0,0.0,[],[],[]
32916,[],0,0.0,0.0,0.0,0.0,0.0,0.0,[],[],[]
32917,[],0,0.0,0.0,0.0,0.0,0.0,0.0,[],[],[]
32918,[],0,0.0,0.0,0.0,0.0,0.0,0.0,[],[],[]
32919,[],0,0.0,0.0,0.0,0.0,0.0,0.0,[],[],[]
32920,[],0,0.0,0.0,0.0,0.0,0.0,0.0,[],[],[]
32921,[],0,0.0,0.0,0.0,0.0,0.0,0.0,[],[],[]
32922,[],0,0.0,0.0,0.0,0.0,0.0,0.0,[],[],[]
32923,[],0,0.0,0.0,0.0,0.0,0.0,0.0,[],[],[]
32924,[],0,0.0,0.0,0.0,0.0,0.0,0.0,[],[],[]
32925,[],0,0.0,0.0,0.0,0.0,0.0,0.0,[],[],[]
32926,[],0,0.0,0.0,0.0,0.0,0.0,0.0,[],[],[]
32927,[],0,0.0,0.0,0.0,0.0,0.0,0.0,[],[],[]
32928,[],0,0.0,0.0,0.0,0.0,0.0,0.0,[],[],[]
32929,[],0,0.0,0.0,0.0,0.0,0.0,0.0,[],[],[]
32930,[],0,0.0,0.0,0.0,0.0,0.0,0.0,[],[],[]
32931,[],0,0.0,0.0,0.0,0.0,0.0,0.0,[],[],[]
32932,[],0,0.0,0.0,0.0,0.0,0.0,0.0,[],[],[]
32933,[],0,0.0,0.0,0.0,0.0,0.0,0.0,[],[],[]
32934,[],0,0.0,0.0,0.0,0.0,0.0,0.0,[],[],[]
32935,[],0,0.0,0.0,0.0,0.0,0.0,0.0,[],[],[]
32936,[],0,0.0,0.0,0.0,0.0,0.0,0.0,[],[],[]
32937,[],0,0.0,0.0,0.0,0.0,0.0,0.0,[],[],[]
32938,[],0,0.0,0.0,0.0,0.0,0.0,0.0,[],[],[]
32939,[],0,0.0,0.0,0.0,0.0,0.0,0.0,[],[],[]
32940,[],0,0.0,0.0,0.0,0.0,0.0,0.0,[],[],[]
32941,[],0,0.0,0.0,0.0,0.0,0.0,0.0,[],[],[]
32942,[],0,0.0,0.0,0.0,0.0,0.0,0.0,[],[],[]
32943,[],0,0.0,0.0,0.0,0.0,0.0,0.0,[],[],[]
32944,[],0,0.0,0.0,0.0,0.0,0.0,0.0,[],[],[]
32945,[],0,0.0,0.0,0.0,0.0,0.0,0.0,[],[],[]
32946,[],0,0.0,0.0,0.0,0.0,0.0,0.0,[],[],[]
32947,[],0,0.0,0.0,0.0,0.0,0.0,0.0,[],[],[]
32948,[],0,0.0,0.0,0.0,0.0,0.0,0.0,[],[],[]
32949,[],0,0.0,0.0,0.0,0.0,0.0,0.0,[],[],[]
32950,[],0,0.0,0.0,0.0,0.0,0.0,0.0,[],[],[]
32951,[],0,0.0,0.0,0.0,0.0,0.0,0.0,[],[],[]
32952,[],0,0.0,0.0,0.0,0.0,0.0,0.0,[],[],[]
32953,[],0,0.0,0.0,0.0,0.0,0.0,0.0,[],[],[]
32954,[],0,0.0,0.0,0.0,0.0,0.0,0.0,[],[],[]
32955,[],0,0.0,0.0,0.0,0.0,0.0,0.0,[],[],[]
32956,[],0,0.0,0.0,0.0,0.0,0.0,0.0,[],[],[]
32957,[],0,0.0,0.0,0.0,0.0,0.0,0.0,[],[],[]
32958,[],0,0.0,0.0,0.0,0.0,0.0,0.0,[],[],[]
32959,[],0,0.0,0.0,0.0,0.0,0.0,0.0,[],[],[]
32960,[],0,0.0,0.0,0.0,0.0,0.0,0.0,[],[],[]
32961,[],0,0.0,0.0,0.0,0.0,0.0,0.0,[],[],[]
32962,[],0,0.0,0.0,0.0,0.0,0.0,0.0,[],[],[]
32963,[],0,0.0,0.0,0.0,0.0,0.0,0.0,[],[],[]
32964,[],0,0.0,0.0,0.0,0.0,0.0,0.0,[],[],[]
32965,[],0,0.0,0.0,0.0,0.0,0.0,0.0,[],[],[]
32966,[],0,0.0,0.0,0.0,0.0,0.0,0.0,[],[],[]
32967,[],0,0.0,0.0,0.0,0.0,0.0,0.0,[],[],[]
32968,[],0,0.0,0.0,0.0,0.0,0.0,0.0,[],[],[]
32969,[],0,0.0,0.0,0.0,0.0,0.0,0.0,[],[],[]
32970,[],0,0.0,0.0,0.0,0.0,0.0,0.0,[],[],[]
32971,[],0,0.0,0.0,0.0,0.0,0.0,0.0,[],[],[]
32972,[],0,0.0,0.0,0.0,0.0,0.0,0.0,[],[],[]
32973,[],0,0.0,0.0,0.0,0.0,0.0,0.0,[],[],[]
32974,[],0,0.0,0.0,0.0,0.0,0.0,0.0,[],[],[]
32975,[],0,0.0,0.0,0.0,0.0,0.0,0.0,[],[],[]
32976,[],0,0.0,0.0,0.0,0.0,0.0,0.0,[],[],[]
32977,[],0,0.0,0.0,0.0,0.0,0.0,0.0,[],[],[]
32978,[],0,0.0,0.0,0.0,0.0,0.0,0.0,[],[],[]
32979,[],0,0.0,0.0,0.0,0.0,0.0,0.0,[],[],[]
32980,[],0,0.0,0.0,0.0,0.0,0.0,0.0,[],[],[]
32981,[],0,0.0,0.0,0.0,0.0,0.0,0.0,[],[],[]
32982,[],0,0.0,0.0,0.0,0.0,0.0,0.0,[],[],[]
32983,[],0,0.0,0.0,0.0,0.0,0.0,0.0,[],[],[]
32984,[],0,0.0,0.0,0.0,0.0,0.0,0.0,[],[],[]
32985,[],0,0.0,0.0,0.0,0.0,0.0,0.0,[],[],[]
32986,[],0,0.0,0.0,0.0,0.0,0.0,0.0,[],[],[]
32987,[],0,0.0,0.0,0.0,0.0,0.0,0.0,[],[],[]
32988,[],0,0.0,0.0,0.0,0.0,0.0,0.0,[],[],[]
32989,[],0,0.0,0.0,0.0,0.0,0.0,0.0,[],[],[]
32990,[],0,0.0,0.0,0.0,0.0,0.0,0.0,[],[],[]
32991,[],0,0.0,0.0,0.0,0.0,0.0,0.0,[],[],[]
32992,[],0,0.0,0.0,0.0,0.0,0.0,0.0,[],[],[]
32993,[],0,0.0,0.0,0.0,0.0,0.0,0.0,[],[],[]
32994,[],0,0.0,0.0,0.0,0.0,0.0,0.0,[],[],[]
32995,[],0,0.0,0.0,0.0,0.0,0.0,0.0,[],[],[]
32996,[],0,0.0,0.0,0.0,0.0,0.0,0.0,[],[],[]
32997,[],0,0.0,0.0,0.0,0.0,0.0,0.0,[],[],[]
32998,[],0,0.0,0.0,0.0,0.0,0.0,0.0,[],[],[]
32999,[],0,0.0,0.0,0.0,0.0,0.0,0.0,[],[],[]
33000,[],0,0.0,0.0,0.0,0.0,0.0,0.0,[],[],[]
33001,[],0,0.0,0.0,0.0,0.0,0.0,0.0,[],[],[]
33002,[],0,0.0,0.0,0.0,0.0,0.0,0.0,[],[],[]
33003,[],0,0.0,0.0,0.0,0.0,0.0,0.0,[],[],[]
33004,[],0,0.0,0.0,0.0,0.0,0.0,0.0,[],[],[]
33005,[],0,0.0,0.0,0.0,0.0,0.0,0.0,[],[],[]
33006,[],0,0.0,0.0,0.0,0.0,0.0,0.0,[],[],[]
33007,[],0,0.0,0.0,0.0,0.0,0.0,0.0,[],[],[]
33008,[],0,0.0,0.0,0.0,0.0,0.0,0.0,[],[],[]
33009,[],0,0.0,0.0,0.0,0.0,0.0,0.0,[],[],[]
33010,[],0,0.0,0.0,0.0,0.0,0.0,0.0,[],[],[]
33011,[],0,0.0,0.0,0.0,0.0,0.0,0.0,[],[],[]
33012,[],0,0.0,0.0,0.0,0.0,0.0,0.0,[],[],[]
33013,[],0,0.0,0.0,0.0,0.0,0.0,0.0,[],[],[]
33014,[],0,0.0,0.0,0.0,0.0,0.0,0.0,[],[],[]
33015,[],0,0.0,0.0,0.0,0.0,0.0,0.0,[],[],[]
33016,[],0,0.0,0.0,0.0,0.0,0.0,0.0,[],[],[]
33017,[],0,0.0,0.0,0.0,0.0,0.0,0.0,[],[],[]
33018,[],0,0.0,0.0,0.0,0.0,0.0,0.0,[],[],[]
33019,[],0,0.0,0.0,0.0,0.0,0.0,0.0,[],[],[]
33020,[],0,0.0,0.0,0.0,0.0,0.0,0.0,[],[],[]
33021,[],0,0.0,0.0,0.0,0.0,0.0,0.0,[],[],[]
33022,[],0,0.0,0.0,0.0,0.0,0.0,0.0,[],[],[]
33023,[],0,0.0,0.0,0.0,0.0,0.0,0.0,[],[],[]
33024,[],0,0.0,0.0,0.0,0.0,0.0,0.0,[],[],[]
33025,[],0,0.0,0.0,0.0,0.0,0.0,0.0,[],[],[]
33026,[],0,0.0,0.0,0.0,0.0,0.0,0.0,[],[],[]
33027,[],0,0.0,0.0,0.0,0.0,0.0,0.0,[],[],[]
33028,[],0,0.0,0.0,0.0,0.0,0.0,0.0,[],[],[]
33029,[],0,0.0,0.0,0.0,0.0,0.0,0.0,[],[],[]
33030,[],0,0.0,0.0,0.0,0.0,0.0,0.0,[],[],[]
33031,[],0,0.0,0.0,0.0,0.0,0.0,0.0,[],[],[]
33032,[],0,0.0,0.0,0.0,0.0,0.0,0.0,[],[],[]
33033,[],0,0.0,0.0,0.0,0.0,0.0,0.0,[],[],[]
33034,[],0,0.0,0.0,0.0,0.0,0.0,0.0,[],[],[]
33035,[],0,0.0,0.0,0.0,0.0,0.0,0.0,[],[],[]
33036,[],0,0.0,0.0,0.0,0.0,0.0,0.0,[],[],[]
33037,[],0,0.0,0.0,0.0,0.0,0.0,0.0,[],[],[]
33038,[],0,0.0,0.0,0.0,0.0,0.0,0.0,[],[],[]
33039,[],0,0.0,0.0,0.0,0.0,0.0,0.0,[],[],[]
33040,[],0,0.0,0.0,0.0,0.0,0.0,0.0,[],[],[]
33041,[],0,0.0,0.0,0.0,0.0,0.0,0.0,[],[],[]
33042,[],0,0.0,0.0,0.0,0.0,0.0,0.0,[],[],[]
33043,[],0,0.0,0.0,0.0,0.0,0.0,0.0,[],[],[]
33044,[],0,0.0,0.0,0.0,0.0,0.0,0.0,[],[],[]
33045,[],0,0.0,0.0,0.0,0.0,0.0,0.0,[],[],[]
33046,[],0,0.0,0.0,0.0,0.0,0.0,0.0,[],[],[]
33047,[3586],1,129.0,129.0,28.30000000000291,28.30000000000291,157.3000000000029,157.3000000000029,[129.],[28.3],[157.3]
33048,[3586],1,129.0,129.0,28.30000000000291,28.30000000000291,157.3000000000029,157.3000000000029,[129.],[28.3],[157.3]
33049,[3586],1,129.0,129.0,28.30000000000291,28.30000000000291,157.3000000000029,157.3000000000029,[129.],[28.3],[157.3]
33050,[3586],1,129.0,129.0,28.30000000000291,28.30000000000291,157.3000000000029,157.3000000000029,[129.],[28.3],[157.3]
33051,[3586],1,129.0,129.0,28.30000000000291,28.30000000000291,157.3000000000029,157.3000000000029,[129.],[28.3],[157.3]
33052,[3586],1,129.0,129.0,28.30000000000291,28.30000000000291,157.3000000000029,157.3000000000029,[129.],[28.3],[157.3]
33053,[3586],1,129.0,129.0,28.30000000000291,28.30000000000291,157.3000000000029,157.3000000000029,[129.],[28.3],[157.3]
33054,[3586],1,129.0,129.0,28.30000000000291,28.30000000000291,157.3000000000029,157.3000000000029,[129.],[28.3],[157.3]
33055,[3586],1,129.0,129.0,28.30000000000291,28.30000000000291,157.3000000000029,157.3000000000029,[129.],[28.3],[157.3]
33056,[3586],1,129.0,129.0,28.30000000000291,28.30000000000291,157.3000000000029,157.3000000000029,[129.],[28.3],[157.3]
33057,[3586],1,129.0,129.0,28.30000000000291,28.30000000000291,157.3000000000029,157.3000000000029,[129.],[28.3],[157.3]
33058,[3586],1,129.0,129.0,28.30000000000291,28.30000000000291,157.3000000000029,157.3000000000029,[129.],[28.3],[157.3]
33059,[3586],1,129.0,129.0,28.30000000000291,28.30000000000291,157.3000000000029,157.3000000000029,[129.],[28.3],[157.3]
33060,[3586],1,129.0,129.0,28.30000000000291,28.30000000000291,157.3000000000029,157.3000000000029,[129.],[28.3],[157.3]
33061,[3586],1,129.0,129.0,28.30000000000291,28.30000000000291,157.3000000000029,157.3000000000029,[129.],[28.3],[157.3]
33062,[3586],1,129.0,129.0,28.30000000000291,28.30000000000291,157.3000000000029,157.3000000000029,[129.],[28.3],[157.3]
33063,[3586],1,129.0,129.0,28.30000000000291,28.30000000000291,157.3000000000029,157.3000000000029,[129.],[28.3],[157.3]
33064,[3586],1,129.0,129.0,28.30000000000291,28.30000000000291,157.3000000000029,157.3000000000029,[129.],[28.3],[157.3]
33065,[3586],1,129.0,129.0,28.30000000000291,28.30000000000291,157.3000000000029,157.3000000000029,[129.],[28.3],[157.3]
33066,[3586],1,129.0,129.0,28.30000000000291,28.30000000000291,157.3000000000029,157.3000000000029,[129.],[28.3],[157.3]
33067,[3586],1,129.0,129.0,28.30000000000291,28.30000000000291,157.3000000000029,157.3000000000029,[129.],[28.3],[157.3]
33068,[3586],1,129.0,129.0,28.30000000000291,28.30000000000291,157.3000000000029,157.3000000000029,[129.],[28.3],[157.3]
33069,[3586],1,129.0,129.0,28.30000000000291,28.30000000000291,157.3000000000029,157.3000000000029,[129.],[28.3],[157.3]
33070,[3586],1,129.0,129.0,28.30000000000291,28.30000000000291,157.3000000000029,157.3000000000029,[129.],[28.3],[157.3]
33071,[3586],1,129.0,129.0,28.30000000000291,28.30000000000291,157.3000000000029,157.3000000000029,[129.],[28.3],[157.3]
33072,[3586],1,129.0,129.0,28.30000000000291,28.30000000000291,157.3000000000029,157.3000000000029,[129.],[28.3],[157.3]
33073,[3586],1,129.0,129.0,28.30000000000291,28.30000000000291,157.3000000000029,157.3000000000029,[129.],[28.3],[157.3]
33074,[3586 3616],2,130.02727249999953,131.05454499999905,29.7333335000003,31.166666999997688,159.76060599999983,162.22121199999674,[129.       131.054545],[28.3      31.166667],[157.3      162.221212]
33075,[3586 3616],2,130.02727249999953,131.05454499999905,29.7333335000003,31.166666999997688,159.76060599999983,162.22121199999674,[129.       131.054545],[28.3      31.166667],[157.3      162.221212]
33076,[3586 3616],2,130.02727249999953,131.05454499999905,29.7333335000003,31.166666999997688,159.76060599999983,162.22121199999674,[129.       131.054545],[28.3      31.166667],[157.3      162.221212]
33077,[3586 3616],2,130.02727249999953,131.05454499999905,29.7333335000003,31.166666999997688,159.76060599999983,162.22121199999674,[129.       131.054545],[28.3      31.166667],[157.3      162.221212]
33078,[3586 3616],2,130.02727249999953,131.05454499999905,29.7333335000003,31.166666999997688,159.76060599999983,162.22121199999674,[129.       131.054545],[28.3      31.166667],[157.3      162.221212]
33079,[3586 3616],2,130.02727249999953,131.05454499999905,29.7333335000003,31.166666999997688,159.76060599999983,162.22121199999674,[129.       131.054545],[28.3      31.166667],[157.3      162.221212]
33080,[3586 3616],2,130.02727249999953,131.05454499999905,29.7333335000003,31.166666999997688,159.76060599999983,162.22121199999674,[129.       131.054545],[28.3      31.166667],[157.3      162.221212]
33081,[3586 3616],2,130.02727249999953,131.05454499999905,29.7333335000003,31.166666999997688,159.76060599999983,162.22121199999674,[129.       131.054545],[28.3      31.166667],[157.3      162.221212]
33082,[3586 3616 3629],3,115.61818166666733,131.05454499999905,29.35555566666638,31.166666999997688,144.9737373333337,162.22121199999674,[129.       131.054545  86.8     ],[28.3      31.166667 28.6     ],[157.3      162.221212 115.4     ]
33083,[3586 3616 3629],3,115.61818166666733,131.05454499999905,29.35555566666638,31.166666999997688,144.9737373333337,162.22121199999674,[129.       131.054545  86.8     ],[28.3      31.166667 28.6     ],[157.3      162.221212 115.4     ]
33084,[3586 3616 3629],3,115.61818166666733,131.05454499999905,29.35555566666638,31.166666999997688,144.9737373333337,162.22121199999674,[129.       131.054545  86.8     ],[28.3      31.166667 28.6     ],[157.3      162.221212 115.4     ]
33085,[3586 3616 3629],3,115.61818166666733,131.05454499999905,29.35555566666638,31.166666999997688,144.9737373333337,162.22121199999674,[129.       131.054545  86.8     ],[28.3      31.166667 28.6     ],[157.3      162.221212 115.4     ]
33086,[3586 3616 3629],3,115.61818166666733,131.05454499999905,29.35555566666638,31.166666999997688,144.9737373333337,162.22121199999674,[129.       131.054545  86.8     ],[28.3      31.166667 28.6     ],[157.3      162.221212 115.4     ]
33087,[3586 3616 3629],3,115.61818166666733,131.05454499999905,29.35555566666638,31.166666999997688,144.9737373333337,162.22121199999674,[129.       131.054545  86.8     ],[28.3      31.166667 28.6     ],[157.3      162.221212 115.4     ]
33088,[3586 3616 3629],3,115.61818166666733,131.05454499999905,29.35555566666638,31.166666999997688,144.9737373333337,162.22121199999674,[129.       131.054545  86.8     ],[28.3      31.166667 28.6     ],[157.3      162.221212 115.4     ]
33089,[3586 3616 3629],3,115.61818166666733,131.05454499999905,29.35555566666638,31.166666999997688,144.9737373333337,162.22121199999674,[129.       131.054545  86.8     ],[28.3      31.166667 28.6     ],[157.3      162.221212 115.4     ]
33090,[3586 3616 3629],3,115.61818166666733,131.05454499999905,29.35555566666638,31.166666999997688,144.9737373333337,162.22121199999674,[129.       131.054545  86.8     ],[28.3      31.166667 28.6     ],[157.3      162.221212 115.4     ]
33091,[3586 3616 3629],3,115.61818166666733,131.05454499999905,29.35555566666638,31.166666999997688,144.9737373333337,162.22121199999674,[129.       131.054545  86.8     ],[28.3      31.166667 28.6     ],[157.3      162.221212 115.4     ]
33092,[3586 3616 3629],3,115.61818166666733,131.05454499999905,29.35555566666638,31.166666999997688,144.9737373333337,162.22121199999674,[129.       131.054545  86.8     ],[28.3      31.166667 28.6     ],[157.3      162.221212 115.4     ]
33093,[3586 3616 3629],3,115.61818166666733,131.05454499999905,29.35555566666638,31.166666999997688,144.9737373333337,162.22121199999674,[129.       131.054545  86.8     ],[28.3      31.166667 28.6     ],[157.3      162.221212 115.4     ]
33094,[3586 3616 3629],3,115.61818166666733,131.05454499999905,29.35555566666638,31.166666999997688,144.9737373333337,162.22121199999674,[129.       131.054545  86.8     ],[28.3      31.166667 28.6     ],[157.3      162.221212 115.4     ]
33095,[3586 3616 3629],3,115.61818166666733,131.05454499999905,29.35555566666638,31.166666999997688,144.9737373333337,162.22121199999674,[129.       131.054545  86.8     ],[28.3      31.166667 28.6     ],[157.3      162.221212 115.4     ]
33096,[3586 3616 3629],3,115.61818166666733,131.05454499999905,29.35555566666638,31.166666999997688,144.9737373333337,162.22121199999674,[129.       131.054545  86.8     ],[28.3      31.166667 28.6     ],[157.3      162.221212 115.4     ]
33097,[3586 3616 3629],3,115.61818166666733,131.05454499999905,29.35555566666638,31.166666999997688,144.9737373333337,162.22121199999674,[129.       131.054545  86.8     ],[28.3      31.166667 28.6     ],[157.3      162.221212 115.4     ]
33098,[3586 3616 3629],3,115.61818166666733,131.05454499999905,29.35555566666638,31.166666999997688,144.9737373333337,162.22121199999674,[129.       131.054545  86.8     ],[28.3      31.166667 28.6     ],[157.3      162.221212 115.4     ]
33099,[3586 3616 3629],3,115.61818166666733,131.05454499999905,29.35555566666638,31.166666999997688,144.9737373333337,162.22121199999674,[129.       131.054545  86.8     ],[28.3      31.166667 28.6     ],[157.3      162.221212 115.4     ]
33100,[3586 3616 3629],3,115.61818166666733,131.05454499999905,29.35555566666638,31.166666999997688,144.9737373333337,162.22121199999674,[129.       131.054545  86.8     ],[28.3      31.166667 28.6     ],[157.3      162.221212 115.4     ]
33101,[3586 3616 3629],3,115.61818166666733,131.05454499999905,29.35555566666638,31.166666999997688,144.9737373333337,162.22121199999674,[129.       131.054545  86.8     ],[28.3      31.166667 28.6     ],[157.3      162.221212 115.4     ]
33102,[3586 3616 3629],3,115.61818166666733,131.05454499999905,29.35555566666638,31.166666999997688,144.9737373333337,162.22121199999674,[129.       131.054545  86.8     ],[28.3      31.166667 28.6     ],[157.3      162.221212 115.4     ]
33103,[3586 3616 3629],3,115.61818166666733,131.05454499999905,29.35555566666638,31.166666999997688,144.9737373333337,162.22121199999674,[129.       131.054545  86.8     ],[28.3      31.166667 28.6     ],[157.3      162.221212 115.4     ]
33104,[3586 3616 3629],3,115.61818166666733,131.05454499999905,29.35555566666638,31.166666999997688,144.9737373333337,162.22121199999674,[129.       131.054545  86.8     ],[28.3      31.166667 28.6     ],[157.3      162.221212 115.4     ]
33105,[3586 3616 3629],3,115.61818166666733,131.05454499999905,29.35555566666638,31.166666999997688,144.9737373333337,162.22121199999674,[129.       131.054545  86.8     ],[28.3      31.166667 28.6     ],[157.3      162.221212 115.4     ]
33106,[3586 3616 3629],3,115.61818166666733,131.05454499999905,29.35555566666638,31.166666999997688,144.9737373333337,162.22121199999674,[129.       131.054545  86.8     ],[28.3      31.166667 28.6     ],[157.3      162.221212 115.4     ]
33107,[3586 3616 3629],3,115.61818166666733,131.05454499999905,29.35555566666638,31.166666999997688,144.9737373333337,162.22121199999674,[129.       131.054545  86.8     ],[28.3      31.166667 28.6     ],[157.3      162.221212 115.4     ]
33108,[3586 3616 3629],3,115.61818166666733,131.05454499999905,29.35555566666638,31.166666999997688,144.9737373333337,162.22121199999674,[129.       131.054545  86.8     ],[28.3      31.166667 28.6     ],[157.3      162.221212 115.4     ]
33109,[3586 3616 3629],3,115.61818166666733,131.05454499999905,29.35555566666638,31.166666999997688,144.9737373333337,162.22121199999674,[129.       131.054545  86.8     ],[28.3      31.166667 28.6     ],[157.3      162.221212 115.4     ]
33110,[3586 3616 3629],3,115.61818166666733,131.05454499999905,29.35555566666638,31.166666999997688,144.9737373333337,162.22121199999674,[129.       131.054545  86.8     ],[28.3      31.166667 28.6     ],[157.3      162.221212 115.4     ]
33111,[3586 3616 3629],3,115.61818166666733,131.05454499999905,29.35555566666638,31.166666999997688,144.9737373333337,162.22121199999674,[129.       131.054545  86.8     ],[28.3      31.166667 28.6     ],[157.3      162.221212 115.4     ]
33112,[3586 3616 3629],3,115.61818166666733,131.05454499999905,29.35555566666638,31.166666999997688,144.9737373333337,162.22121199999674,[129.       131.054545  86.8     ],[28.3      31.166667 28.6     ],[157.3      162.221212 115.4     ]
33113,[3586 3616 3629],3,115.61818166666733,131.05454499999905,29.35555566666638,31.166666999997688,144.9737373333337,162.22121199999674,[129.       131.054545  86.8     ],[28.3      31.166667 28.6     ],[157.3      162.221212 115.4     ]
33114,[3586 3616 3629],3,115.61818166666733,131.05454499999905,29.35555566666638,31.166666999997688,144.9737373333337,162.22121199999674,[129.       131.054545  86.8     ],[28.3      31.166667 28.6     ],[157.3      162.221212 115.4     ]
33115,[3586 3616 3629],3,115.61818166666733,131.05454499999905,29.35555566666638,31.166666999997688,144.9737373333337,162.22121199999674,[129.       131.054545  86.8     ],[28.3      31.166667 28.6     ],[157.3      162.221212 115.4     ]
33116,[3586 3616 3629],3,115.61818166666733,131.05454499999905,29.35555566666638,31.166666999997688,144.9737373333337,162.22121199999674,[129.       131.054545  86.8     ],[28.3      31.166667 28.6     ],[157.3      162.221212 115.4     ]
33117,[3586 3616 3629],3,115.61818166666733,131.05454499999905,29.35555566666638,31.166666999997688,144.9737373333337,162.22121199999674,[129.       131.054545  86.8     ],[28.3      31.166667 28.6     ],[157.3      162.221212 115.4     ]
33118,[3586 3616 3629],3,115.61818166666733,131.05454499999905,29.35555566666638,31.166666999997688,144.9737373333337,162.22121199999674,[129.       131.054545  86.8     ],[28.3      31.166667 28.6     ],[157.3      162.221212 115.4     ]
33119,[3586 3616 3629],3,115.61818166666733,131.05454499999905,29.35555566666638,31.166666999997688,144.9737373333337,162.22121199999674,[129.       131.054545  86.8     ],[28.3      31.166667 28.6     ],[157.3      162.221212 115.4     ]
33120,[3586 3616 3629],3,115.61818166666733,131.05454499999905,29.35555566666638,31.166666999997688,144.9737373333337,162.22121199999674,[129.       131.054545  86.8     ],[28.3      31.166667 28.6     ],[157.3      162.221212 115.4     ]
33121,[3586 3616 3629],3,115.61818166666733,131.05454499999905,29.35555566666638,31.166666999997688,144.9737373333337,162.22121199999674,[129.       131.054545  86.8     ],[28.3      31.166667 28.6     ],[157.3      162.221212 115.4     ]
33122,[3586 3616 3629],3,115.61818166666733,131.05454499999905,29.35555566666638,31.166666999997688,144.9737373333337,162.22121199999674,[129.       131.054545  86.8     ],[28.3      31.166667 28.6     ],[157.3      162.221212 115.4     ]
33123,[3586 3616 3629],3,115.61818166666733,131.05454499999905,29.35555566666638,31.166666999997688,144.9737373333337,162.22121199999674,[129.       131.054545  86.8     ],[28.3      31.166667 28.6     ],[157.3      162.221212 115.4     ]
33124,[3586 3616 3629],3,115.61818166666733,131.05454499999905,29.35555566666638,31.166666999997688,144.9737373333337,162.22121199999674,[129.       131.054545  86.8     ],[28.3      31.166667 28.6     ],[157.3      162.221212 115.4     ]
33125,[3586 3616 3629],3,115.61818166666733,131.05454499999905,29.35555566666638,31.166666999997688,144.9737373333337,162.22121199999674,[129.       131.054545  86.8     ],[28.3      31.166667 28.6     ],[157.3      162.221212 115.4     ]
33126,[3586 3616 3629],3,115.61818166666733,131.05454499999905,29.35555566666638,31.166666999997688,144.9737373333337,162.22121199999674,[129.       131.054545  86.8     ],[28.3      31.166667 28.6     ],[157.3      162.221212 115.4     ]
33127,[3586 3616 3629],3,115.61818166666733,131.05454499999905,29.35555566666638,31.166666999997688,144.9737373333337,162.22121199999674,[129.       131.054545  86.8     ],[28.3      31.166667 28.6     ],[157.3      162.221212 115.4     ]
33128,[3586 3616 3629],3,115.61818166666733,131.05454499999905,29.35555566666638,31.166666999997688,144.9737373333337,162.22121199999674,[129.       131.054545  86.8     ],[28.3      31.166667 28.6     ],[157.3      162.221212 115.4     ]
33129,[3586 3616 3629],3,115.61818166666733,131.05454499999905,29.35555566666638,31.166666999997688,144.9737373333337,162.22121199999674,[129.       131.054545  86.8     ],[28.3      31.166667 28.6     ],[157.3      162.221212 115.4     ]
33130,[3586 3616 3629],3,115.61818166666733,131.05454499999905,29.35555566666638,31.166666999997688,144.9737373333337,162.22121199999674,[129.       131.054545  86.8     ],[28.3      31.166667 28.6     ],[157.3      162.221212 115.4     ]
33131,[3586 3616 3629],3,115.61818166666733,131.05454499999905,29.35555566666638,31.166666999997688,144.9737373333337,162.22121199999674,[129.       131.054545  86.8     ],[28.3      31.166667 28.6     ],[157.3      162.221212 115.4     ]
33132,[3586 3616 3629],3,115.61818166666733,131.05454499999905,29.35555566666638,31.166666999997688,144.9737373333337,162.22121199999674,[129.       131.054545  86.8     ],[28.3      31.166667 28.6     ],[157.3      162.221212 115.4     ]
33133,[3586 3616 3629],3,115.61818166666733,131.05454499999905,29.35555566666638,31.166666999997688,144.9737373333337,162.22121199999674,[129.       131.054545  86.8     ],[28.3      31.166667 28.6     ],[157.3      162.221212 115.4     ]
33134,[3586 3616 3629],3,115.61818166666733,131.05454499999905,29.35555566666638,31.166666999997688,144.9737373333337,162.22121199999674,[129.       131.054545  86.8     ],[28.3      31.166667 28.6     ],[157.3      162.221212 115.4     ]
33135,[3586 3616 3629],3,115.61818166666733,131.05454499999905,29.35555566666638,31.166666999997688,144.9737373333337,162.22121199999674,[129.       131.054545  86.8     ],[28.3      31.166667 28.6     ],[157.3      162.221212 115.4     ]
33136,[3586 3616 3629],3,115.61818166666733,131.05454499999905,29.35555566666638,31.166666999997688,144.9737373333337,162.22121199999674,[129.       131.054545  86.8     ],[28.3      31.166667 28.6     ],[157.3      162.221212 115.4     ]
33137,[3586 3616 3629],3,115.61818166666733,131.05454499999905,29.35555566666638,31.166666999997688,144.9737373333337,162.22121199999674,[129.       131.054545  86.8     ],[28.3      31.166667 28.6     ],[157.3      162.221212 115.4     ]
33138,[3586 3616 3629],3,115.61818166666733,131.05454499999905,29.35555566666638,31.166666999997688,144.9737373333337,162.22121199999674,[129.       131.054545  86.8     ],[28.3      31.166667 28.6     ],[157.3      162.221212 115.4     ]
33139,[3586 3616 3629],3,115.61818166666733,131.05454499999905,29.35555566666638,31.166666999997688,144.9737373333337,162.22121199999674,[129.       131.054545  86.8     ],[28.3      31.166667 28.6     ],[157.3      162.221212 115.4     ]
33140,[3586 3616 3629],3,115.61818166666733,131.05454499999905,29.35555566666638,31.166666999997688,144.9737373333337,162.22121199999674,[129.       131.054545  86.8     ],[28.3      31.166667 28.6     ],[157.3      162.221212 115.4     ]
33141,[3586 3616 3629],3,115.61818166666733,131.05454499999905,29.35555566666638,31.166666999997688,144.9737373333337,162.22121199999674,[129.       131.054545  86.8     ],[28.3      31.166667 28.6     ],[157.3      162.221212 115.4     ]
33142,[3586 3616 3629],3,115.61818166666733,131.05454499999905,29.35555566666638,31.166666999997688,144.9737373333337,162.22121199999674,[129.       131.054545  86.8     ],[28.3      31.166667 28.6     ],[157.3      162.221212 115.4     ]
33143,[3586 3616 3629],3,115.61818166666733,131.05454499999905,29.35555566666638,31.166666999997688,144.9737373333337,162.22121199999674,[129.       131.054545  86.8     ],[28.3      31.166667 28.6     ],[157.3      162.221212 115.4     ]
33144,[3586 3616 3629],3,115.61818166666733,131.05454499999905,29.35555566666638,31.166666999997688,144.9737373333337,162.22121199999674,[129.       131.054545  86.8     ],[28.3      31.166667 28.6     ],[157.3      162.221212 115.4     ]
33145,[3586 3616 3629],3,115.61818166666733,131.05454499999905,29.35555566666638,31.166666999997688,144.9737373333337,162.22121199999674,[129.       131.054545  86.8     ],[28.3      31.166667 28.6     ],[157.3      162.221212 115.4     ]
33146,[3586 3616 3629],3,115.61818166666733,131.05454499999905,29.35555566666638,31.166666999997688,144.9737373333337,162.22121199999674,[129.       131.054545  86.8     ],[28.3      31.166667 28.6     ],[157.3      162.221212 115.4     ]
33147,[3586 3616 3629],3,115.61818166666733,131.05454499999905,29.35555566666638,31.166666999997688,144.9737373333337,162.22121199999674,[129.       131.054545  86.8     ],[28.3      31.166667 28.6     ],[157.3      162.221212 115.4     ]
33148,[3586 3616 3629],3,115.61818166666733,131.05454499999905,29.35555566666638,31.166666999997688,144.9737373333337,162.22121199999674,[129.       131.054545  86.8     ],[28.3      31.166667 28.6     ],[157.3      162.221212 115.4     ]
33149,[3586 3616 3629],3,115.61818166666733,131.05454499999905,29.35555566666638,31.166666999997688,144.9737373333337,162.22121199999674,[129.       131.054545  86.8     ],[28.3      31.166667 28.6     ],[157.3      162.221212 115.4     ]
33150,[3586 3616 3629],3,115.61818166666733,131.05454499999905,29.35555566666638,31.166666999997688,144.9737373333337,162.22121199999674,[129.       131.054545  86.8     ],[28.3      31.166667 28.6     ],[157.3      162.221212 115.4     ]
33151,[3586 3616 3629],3,115.61818166666733,131.05454499999905,29.35555566666638,31.166666999997688,144.9737373333337,162.22121199999674,[129.       131.054545  86.8     ],[28.3      31.166667 28.6     ],[157.3      162.221212 115.4     ]
33152,[3586 3616 3629],3,115.61818166666733,131.05454499999905,29.35555566666638,31.166666999997688,144.9737373333337,162.22121199999674,[129.       131.054545  86.8     ],[28.3      31.166667 28.6     ],[157.3      162.221212 115.4     ]
33153,[3586 3616 3629],3,115.61818166666733,131.05454499999905,29.35555566666638,31.166666999997688,144.9737373333337,162.22121199999674,[129.       131.054545  86.8     ],[28.3      31.166667 28.6     ],[157.3      162.221212 115.4     ]
33154,[3586 3616 3629],3,115.61818166666733,131.05454499999905,29.35555566666638,31.166666999997688,144.9737373333337,162.22121199999674,[129.       131.054545  86.8     ],[28.3      31.166667 28.6     ],[157.3      162.221212 115.4     ]
33155,[3586 3616 3629],3,115.61818166666733,131.05454499999905,29.35555566666638,31.166666999997688,144.9737373333337,162.22121199999674,[129.       131.054545  86.8     ],[28.3      31.166667 28.6     ],[157.3      162.221212 115.4     ]
33156,[3586 3616 3629],3,115.61818166666733,131.05454499999905,29.35555566666638,31.166666999997688,144.9737373333337,162.22121199999674,[129.       131.054545  86.8     ],[28.3      31.166667 28.6     ],[157.3      162.221212 115.4     ]
33157,[3586 3616 3629],3,115.61818166666733,131.05454499999905,29.35555566666638,31.166666999997688,144.9737373333337,162.22121199999674,[129.       131.054545  86.8     ],[28.3      31.166667 28.6     ],[157.3      162.221212 115.4     ]
33158,[3586 3616 3629],3,115.61818166666733,131.05454499999905,29.35555566666638,31.166666999997688,144.9737373333337,162.22121199999674,[129.       131.054545  86.8     ],[28.3      31.166667 28.6     ],[157.3      162.221212 115.4     ]
33159,[3586 3616 3629],3,115.61818166666733,131.05454499999905,29.35555566666638,31.166666999997688,144.9737373333337,162.22121199999674,[129.       131.054545  86.8     ],[28.3      31.166667 28.6     ],[157.3      162.221212 115.4     ]
33160,[3586 3616 3629],3,115.61818166666733,131.05454499999905,29.35555566666638,31.166666999997688,144.9737373333337,162.22121199999674,[129.       131.054545  86.8     ],[28.3      31.166667 28.6     ],[157.3      162.221212 115.4     ]
33161,[3586 3616 3629],3,115.61818166666733,131.05454499999905,29.35555566666638,31.166666999997688,144.9737373333337,162.22121199999674,[129.       131.054545  86.8     ],[28.3      31.166667 28.6     ],[157.3      162.221212 115.4     ]
33162,[3586 3616 3629],3,115.61818166666733,131.05454499999905,29.35555566666638,31.166666999997688,144.9737373333337,162.22121199999674,[129.       131.054545  86.8     ],[28.3      31.166667 28.6     ],[157.3      162.221212 115.4     ]
33163,[3586 3616 3629],3,115.61818166666733,131.05454499999905,29.35555566666638,31.166666999997688,144.9737373333337,162.22121199999674,[129.       131.054545  86.8     ],[28.3      31.166667 28.6     ],[157.3      162.221212 115.4     ]
33164,[3586 3616 3629],3,115.61818166666733,131.05454499999905,29.35555566666638,31.166666999997688,144.9737373333337,162.22121199999674,[129.       131.054545  86.8     ],[28.3      31.166667 28.6     ],[157.3      162.221212 115.4     ]
33165,[3586 3616 3629],3,115.61818166666733,131.05454499999905,29.35555566666638,31.166666999997688,144.9737373333337,162.22121199999674,[129.       131.054545  86.8     ],[28.3      31.166667 28.6     ],[157.3      162.221212 115.4     ]
33166,[3586 3616 3629],3,115.61818166666733,131.05454499999905,29.35555566666638,31.166666999997688,144.9737373333337,162.22121199999674,[129.       131.054545  86.8     ],[28.3      31.166667 28.6     ],[157.3      162.221212 115.4     ]
33167,[3586 3616 3629],3,115.61818166666733,131.05454499999905,29.35555566666638,31.166666999997688,144.9737373333337,162.22121199999674,[129.       131.054545  86.8     ],[28.3      31.166667 28.6     ],[157.3      162.221212 115.4     ]
33168,[3586 3616 3629],3,115.61818166666733,131.05454499999905,29.35555566666638,31.166666999997688,144.9737373333337,162.22121199999674,[129.       131.054545  86.8     ],[28.3      31.166667 28.6     ],[157.3      162.221212 115.4     ]
33169,[3586 3616],2,130.02727249999953,131.05454499999905,29.7333335000003,31.166666999997688,159.76060599999983,162.22121199999674,[129.       131.054545],[28.3      31.166667],[157.3      162.221212]
33170,[3586 3616],2,130.02727249999953,131.05454499999905,29.7333335000003,31.166666999997688,159.76060599999983,162.22121199999674,[129.       131.054545],[28.3      31.166667],[157.3      162.221212]
33171,[3586 3616],2,130.02727249999953,131.05454499999905,29.7333335000003,31.166666999997688,159.76060599999983,162.22121199999674,[129.       131.054545],[28.3      31.166667],[157.3      162.221212]
33172,[3586 3616],2,130.02727249999953,131.05454499999905,29.7333335000003,31.166666999997688,159.76060599999983,162.22121199999674,[129.       131.054545],[28.3      31.166667],[157.3      162.221212]
33173,[3586 3616],2,130.02727249999953,131.05454499999905,29.7333335000003,31.166666999997688,159.76060599999983,162.22121199999674,[129.       131.054545],[28.3      31.166667],[157.3      162.221212]
33174,[3586 3616],2,130.02727249999953,131.05454499999905,29.7333335000003,31.166666999997688,159.76060599999983,162.22121199999674,[129.       131.054545],[28.3      31.166667],[157.3      162.221212]
33175,[3586 3616],2,130.02727249999953,131.05454499999905,29.7333335000003,31.166666999997688,159.76060599999983,162.22121199999674,[129.       131.054545],[28.3      31.166667],[157.3      162.221212]
33176,[3586 3616],2,130.02727249999953,131.05454499999905,29.7333335000003,31.166666999997688,159.76060599999983,162.22121199999674,[129.       131.054545],[28.3      31.166667],[157.3      162.221212]
33177,[3616],1,131.05454499999905,131.05454499999905,31.166666999997688,31.166666999997688,162.22121199999674,162.22121199999674,[131.054545],[31.166667],[162.221212]
33178,[3616],1,131.05454499999905,131.05454499999905,31.166666999997688,31.166666999997688,162.22121199999674,162.22121199999674,[131.054545],[31.166667],[162.221212]
33179,[3616],1,131.05454499999905,131.05454499999905,31.166666999997688,31.166666999997688,162.22121199999674,162.22121199999674,[131.054545],[31.166667],[162.221212]
33180,[3616],1,131.05454499999905,131.05454499999905,31.166666999997688,31.166666999997688,162.22121199999674,162.22121199999674,[131.054545],[31.166667],[162.221212]
33181,[3616],1,131.05454499999905,131.05454499999905,31.166666999997688,31.166666999997688,162.22121199999674,162.22121199999674,[131.054545],[31.166667],[162.221212]
33182,[3616],1,131.05454499999905,131.05454499999905,31.166666999997688,31.166666999997688,162.22121199999674,162.22121199999674,[131.054545],[31.166667],[162.221212]
33183,[3616],1,131.05454499999905,131.05454499999905,31.166666999997688,31.166666999997688,162.22121199999674,162.22121199999674,[131.054545],[31.166667],[162.221212]
33184,[3616],1,131.05454499999905,131.05454499999905,31.166666999997688,31.166666999997688,162.22121199999674,162.22121199999674,[131.054545],[31.166667],[162.221212]
33185,[3616],1,131.05454499999905,131.05454499999905,31.166666999997688,31.166666999997688,162.22121199999674,162.22121199999674,[131.054545],[31.166667],[162.221212]
33186,[3616],1,131.05454499999905,131.05454499999905,31.166666999997688,31.166666999997688,162.22121199999674,162.22121199999674,[131.054545],[31.166667],[162.221212]
33187,[3616],1,131.05454499999905,131.05454499999905,31.166666999997688,31.166666999997688,162.22121199999674,162.22121199999674,[131.054545],[31.166667],[162.221212]
33188,[3616],1,131.05454499999905,131.05454499999905,31.166666999997688,31.166666999997688,162.22121199999674,162.22121199999674,[131.054545],[31.166667],[162.221212]
33189,[3616],1,131.05454499999905,131.05454499999905,31.166666999997688,31.166666999997688,162.22121199999674,162.22121199999674,[131.054545],[31.166667],[162.221212]
33190,[3616],1,131.05454499999905,131.05454499999905,31.166666999997688,31.166666999997688,162.22121199999674,162.22121199999674,[131.054545],[31.166667],[162.221212]
33191,[3616],1,131.05454499999905,131.05454499999905,31.166666999997688,31.166666999997688,162.22121199999674,162.22121199999674,[131.054545],[31.166667],[162.221212]
33192,[3616],1,131.05454499999905,131.05454499999905,31.166666999997688,31.166666999997688,162.22121199999674,162.22121199999674,[131.054545],[31.166667],[162.221212]
33193,[3616],1,131.05454499999905,131.05454499999905,31.166666999997688,31.166666999997688,162.22121199999674,162.22121199999674,[131.054545],[31.166667],[162.221212]
33194,[3616],1,131.05454499999905,131.05454499999905,31.166666999997688,31.166666999997688,162.22121199999674,162.22121199999674,[131.054545],[31.166667],[162.221212]
33195,[3616],1,131.05454499999905,131.05454499999905,31.166666999997688,31.166666999997688,162.22121199999674,162.22121199999674,[131.054545],[31.166667],[162.221212]
33196,[3616],1,131.05454499999905,131.05454499999905,31.166666999997688,31.166666999997688,162.22121199999674,162.22121199999674,[131.054545],[31.166667],[162.221212]
33197,[3616],1,131.05454499999905,131.05454499999905,31.166666999997688,31.166666999997688,162.22121199999674,162.22121199999674,[131.054545],[31.166667],[162.221212]
33198,[3616],1,131.05454499999905,131.05454499999905,31.166666999997688,31.166666999997688,162.22121199999674,162.22121199999674,[131.054545],[31.166667],[162.221212]
33199,[3616],1,131.05454499999905,131.05454499999905,31.166666999997688,31.166666999997688,162.22121199999674,162.22121199999674,[131.054545],[31.166667],[162.221212]
33200,[3616],1,131.05454499999905,131.05454499999905,31.166666999997688,31.166666999997688,162.22121199999674,162.22121199999674,[131.054545],[31.166667],[162.221212]
33201,[3616],1,131.05454499999905,131.05454499999905,31.166666999997688,31.166666999997688,162.22121199999674,162.22121199999674,[131.054545],[31.166667],[162.221212]
33202,[3616],1,131.05454499999905,131.05454499999905,31.166666999997688,31.166666999997688,162.22121199999674,162.22121199999674,[131.054545],[31.166667],[162.221212]
33203,[3616],1,131.05454499999905,131.05454499999905,31.166666999997688,31.166666999997688,162.22121199999674,162.22121199999674,[131.054545],[31.166667],[162.221212]
33204,[3616],1,131.05454499999905,131.05454499999905,31.166666999997688,31.166666999997688,162.22121199999674,162.22121199999674,[131.054545],[31.166667],[162.221212]
33205,[3616],1,131.05454499999905,131.05454499999905,31.166666999997688,31.166666999997688,162.22121199999674,162.22121199999674,[131.054545],[31.166667],[162.221212]
33206,[],0,0.0,0.0,0.0,0.0,0.0,0.0,[],[],[]
33207,[],0,0.0,0.0,0.0,0.0,0.0,0.0,[],[],[]
33208,[],0,0.0,0.0,0.0,0.0,0.0,0.0,[],[],[]
33209,[],0,0.0,0.0,0.0,0.0,0.0,0.0,[],[],[]
33210,[],0,0.0,0.0,0.0,0.0,0.0,0.0,[],[],[]
33211,[],0,0.0,0.0,0.0,0.0,0.0,0.0,[],[],[]
33212,[],0,0.0,0.0,0.0,0.0,0.0,0.0,[],[],[]
33213,[],0,0.0,0.0,0.0,0.0,0.0,0.0,[],[],[]
33214,[],0,0.0,0.0,0.0,0.0,0.0,0.0,[],[],[]
33215,[],0,0.0,0.0,0.0,0.0,0.0,0.0,[],[],[]
33216,[],0,0.0,0.0,0.0,0.0,0.0,0.0,[],[],[]
33217,[],0,0.0,0.0,0.0,0.0,0.0,0.0,[],[],[]
33218,[],0,0.0,0.0,0.0,0.0,0.0,0.0,[],[],[]
33219,[],0,0.0,0.0,0.0,0.0,0.0,0.0,[],[],[]
33220,[],0,0.0,0.0,0.0,0.0,0.0,0.0,[],[],[]
33221,[],0,0.0,0.0,0.0,0.0,0.0,0.0,[],[],[]
33222,[],0,0.0,0.0,0.0,0.0,0.0,0.0,[],[],[]
33223,[],0,0.0,0.0,0.0,0.0,0.0,0.0,[],[],[]
33224,[],0,0.0,0.0,0.0,0.0,0.0,0.0,[],[],[]
33225,[],0,0.0,0.0,0.0,0.0,0.0,0.0,[],[],[]
33226,[],0,0.0,0.0,0.0,0.0,0.0,0.0,[],[],[]
33227,[],0,0.0,0.0,0.0,0.0,0.0,0.0,[],[],[]
33228,[],0,0.0,0.0,0.0,0.0,0.0,0.0,[],[],[]
33229,[],0,0.0,0.0,0.0,0.0,0.0,0.0,[],[],[]
33230,[],0,0.0,0.0,0.0,0.0,0.0,0.0,[],[],[]
33231,[],0,0.0,0.0,0.0,0.0,0.0,0.0,[],[],[]
33232,[],0,0.0,0.0,0.0,0.0,0.0,0.0,[],[],[]
33233,[],0,0.0,0.0,0.0,0.0,0.0,0.0,[],[],[]
33234,[],0,0.0,0.0,0.0,0.0,0.0,0.0,[],[],[]
33235,[],0,0.0,0.0,0.0,0.0,0.0,0.0,[],[],[]
33236,[],0,0.0,0.0,0.0,0.0,0.0,0.0,[],[],[]
33237,[],0,0.0,0.0,0.0,0.0,0.0,0.0,[],[],[]
33238,[],0,0.0,0.0,0.0,0.0,0.0,0.0,[],[],[]
